\x1b[48;2;0;0;0m                    \x1b[38;2;15;8;10;48;2;3;2;4m▄\x1b[38;2;24;17;7;48;2;6;2;7m▄\x1b[38;2;43;29;11;48;2;8;4;6m▄\x1b[38;2;61;42;12;48;2;9;6;7m▄\x1b[38;2;81;60;20;48;2;11;7;10m▄\x1b[38;2;96;75;34;48;2;14;8;12m▄\x1b[38;2;74;54;27;48;2;7;6;6m▄\x1b[38;2;49;35;19;48;2;1;1;2m▄\x1b[38;2;18;12;11;48;2;0;0;0m▄\x1b[38;2;1;0;4;48;2;0;0;0m▄\x1b[48;2;0;0;0m                    \x1b[m
\x1b[48;2;0;0;0m                 \x1b[38;2;1;1;1;48;2;1;0;0m▄\x1b[38;2;3;1;2;48;2;1;0;1m▄\x1b[38;2;8;6;9;48;2;1;1;3m▄\x1b[38;2;2;2;2;48;2;3;1;4m▄\x1b[38;2;2;1;1;48;2;6;3;3m▄\x1b[38;2;8;3;2;48;2;16;11;3m▄\x1b[38;2;10;5;8;48;2;29;24;6m▄\x1b[38;2;12;6;9;48;2;45;33;13m▄\x1b[38;2;18;10;9;48;2;67;50;19m▄\x1b[38;2;47;32;12;48;2;97;70;26m▄\x1b[38;2;93;70;27;48;2;127;93;41m▄\x1b[38;2;126;95;38;48;2;108;76;39m▄\x1b[38;2;136;98;38;48;2;18;9;11m▄\x1b[38;2;19;7;6;48;2;2;0;3m▄\x1b[38;2;2;0;3;48;2;0;0;0m▄\x1b[38;2;0;0;1;48;2;0;0;0m▄\x1b[48;2;0;0;0m                 \x1b[m
\x1b[48;2;0;0;0m                 \x1b[38;2;1;0;2;48;2;0;0;1m▄\x1b[38;2;19;12;6;48;2;1;1;4m▄\x1b[38;2;83;63;20;48;2;3;0;9m▄\x1b[38;2;37;28;10;48;2;2;1;3m▄\x1b[38;2;3;0;6;48;2;1;0;1m▄\x1b[38;2;14;10;7;48;2;7;5;4m▄\x1b[38;2;52;40;15;48;2;32;24;9m▄\x1b[38;2;100;79;33;48;2;44;34;13m▄\x1b[38;2;136;102;39;48;2;38;29;11m▄\x1b[38;2;88;69;25;48;2;37;28;13m▄\x1b[38;2;48;39;10;48;2;55;43;15m▄\x1b[38;2;55;44;14;48;2;84;63;23m▄\x1b[38;2;89;66;21;48;2;127;99;38m▄\x1b[38;2;148;113;43;48;2;164;115;47m▄\x1b[38;2;138;107;46;48;2;10;3;10m▄\x1b[38;2;5;4;7;48;2;1;1;3m▄\x1b[38;2;0;0;1;48;2;0;0;0m▄\x1b[48;2;0;0;0m                \x1b[m
\x1b[48;2;0;0;0m                 \x1b[38;2;0;0;0;48;2;0;0;1m▄\x1b[38;2;2;1;3;48;2;2;1;6m▄\x1b[38;2;9;6;11;48;2;47;36;20m▄\x1b[38;2;30;26;23;48;2;88;68;35m▄\x1b[38;2;5;2;6;48;2;4;1;7m▄\x1b[38;2;2;1;2;48;2;1;2;2m▄\x1b[38;2;19;16;16;48;2;16;14;10m▄\x1b[38;2;19;17;19;48;2;50;41;29m▄\x1b[38;2;42;39;40;48;2;105;89;51m▄\x1b[38;2;127;108;78;48;2;137;104;39m▄\x1b[38;2;84;60;21;48;2;86;65;26m▄\x1b[38;2;28;20;8;48;2;35;28;11m▄\x1b[38;2;36;26;7;48;2;58;44;12m▄\x1b[38;2;85;63;21;48;2;110;86;30m▄\x1b[38;2;158;117;47;48;2;153;110;46m▄\x1b[38;2;101;75;34;48;2;54;39;21m▄\x1b[38;2;1;0;4;48;2;0;0;2m▄\x1b[38;2;0;0;1;48;2;0;0;0m▄\x1b[48;2;0;0;0m               \x1b[m
\x1b[48;2;0;0;0m                 \x1b[38;2;1;0;0;48;2;1;1;1m▄\x1b[38;2;4;2;3;48;2;1;1;1m▄\x1b[48;2;1;1;1m \x1b[38;2;10;8;14;48;2;8;2;10m▄\x1b[38;2;11;3;3;48;2;4;1;7m▄\x1b[38;2;3;2;3;48;2;8;7;8m▄\x1b[38;2;25;24;26;48;2;11;9;10m▄\x1b[38;2;8;5;8;48;2;2;1;3m▄\x1b[38;2;19;16;17;48;2;11;9;12m▄\x1b[38;2;70;65;59;48;2;118;112;109m▄\x1b[38;2;38;28;16;48;2;119;105;84m▄\x1b[38;2;20;13;9;48;2;28;19;8m▄\x1b[38;2;22;16;9;48;2;22;16;5m▄\x1b[38;2;62;45;18;48;2;67;49;17m▄\x1b[38;2;121;91;33;48;2;136;100;36m▄\x1b[38;2;167;128;67;48;2;107;73;31m▄\x1b[38;2;52;41;30;48;2;10;4;7m▄\x1b[48;2;0;0;2m \x1b[48;2;0;0;0m               \x1b[m
\x1b[48;2;0;0;0m                    \x1b[38;2;0;0;1;48;2;5;1;3m▄\x1b[38;2;2;0;4;48;2;13;7;7m▄\x1b[38;2;11;6;10;48;2;11;6;9m▄\x1b[38;2;24;17;18;48;2;13;9;12m▄\x1b[38;2;25;18;15;48;2;20;16;14m▄\x1b[38;2;34;27;7;48;2;40;38;33m▄\x1b[38;2;41;32;11;48;2;61;52;35m▄\x1b[38;2;20;15;7;48;2;36;30;11m▄\x1b[38;2;7;3;4;48;2;14;8;7m▄\x1b[38;2;27;20;8;48;2;23;15;6m▄\x1b[38;2;76;53;22;48;2;66;51;18m▄\x1b[38;2;120;88;32;48;2;119;90;33m▄\x1b[38;2;171;126;60;48;2;172;133;63m▄\x1b[38;2;58;44;26;48;2;59;46;30m▄\x1b[38;2;1;0;1;48;2;0;0;2m▄\x1b[48;2;0;0;0m               \x1b[m
\x1b[48;2;0;0;0m                  \x1b[38;2;1;1;1;48;2;0;0;0m▄\x1b[48;2;0;0;0m \x1b[38;2;1;1;1;48;2;0;0;0m▄\x1b[38;2;1;1;2;48;2;2;1;2m▄\x1b[38;2;8;6;5;48;2;10;8;4m▄\x1b[38;2;29;19;8;48;2;25;19;7m▄\x1b[38;2;41;32;16;48;2;32;23;9m▄\x1b[38;2;48;39;17;48;2;39;32;8m▄\x1b[38;2;48;36;15;48;2;35;28;9m▄\x1b[38;2;29;21;10;48;2;20;15;6m▄\x1b[38;2;9;7;4;48;2;10;3;3m▄\x1b[38;2;45;28;12;48;2;39;24;11m▄\x1b[38;2;94;61;21;48;2;86;59;24m▄\x1b[38;2;131;88;34;48;2;124;86;34m▄\x1b[38;2;153;113;60;48;2;163;120;58m▄\x1b[38;2;48;39;28;48;2;56;42;28m▄\x1b[38;2;0;0;2;48;2;0;0;1m▄\x1b[48;2;0;0;0m               \x1b[m
\x1b[48;2;0;0;0m                 \x1b[38;2;0;0;0;48;2;0;0;1m▄\x1b[38;2;0;0;0;48;2;5;3;7m▄\x1b[38;2;2;1;2;48;2;6;2;4m▄\x1b[38;2;3;1;3;48;2;6;1;5m▄\x1b[38;2;4;1;5;48;2;9;3;6m▄\x1b[38;2;5;2;4;48;2;7;1;3m▄\x1b[38;2;7;5;3;48;2;9;2;5m▄\x1b[38;2;15;11;6;48;2;11;3;3m▄\x1b[38;2;15;9;7;48;2;14;3;2m▄\x1b[38;2;11;7;8;48;2;18;6;2m▄\x1b[38;2;13;11;7;48;2;16;8;8m▄\x1b[38;2;15;9;5;48;2;13;5;7m▄\x1b[38;2;41;26;9;48;2;49;29;10m▄\x1b[38;2;89;62;24;48;2;97;64;26m▄\x1b[38;2;126;89;35;48;2;129;86;32m▄\x1b[38;2;74;54;26;48;2;91;60;30m▄\x1b[38;2;1;1;3;48;2;12;6;11m▄\x1b[38;2;0;0;0;48;2;1;1;1m▄\x1b[48;2;0;0;0m               \x1b[m
\x1b[48;2;0;0;0m                    \x1b[38;2;0;0;0;48;2;1;1;1m▄\x1b[38;2;0;0;0;48;2;0;0;2m▄\x1b[38;2;0;0;0;48;2;1;1;1m▄\x1b[38;2;0;0;0;48;2;1;1;2m▄\x1b[38;2;0;0;0;48;2;0;0;1m▄\x1b[38;2;0;0;0;48;2;1;1;2m▄\x1b[38;2;0;0;0;48;2;1;1;1m▄\x1b[38;2;1;0;2;48;2;2;1;2m▄\x1b[38;2;8;6;5;48;2;6;5;4m▄\x1b[38;2;36;24;9;48;2;36;23;11m▄\x1b[38;2;79;53;20;48;2;82;58;22m▄\x1b[38;2;79;59;30;48;2;108;76;33m▄\x1b[38;2;9;6;10;48;2;47;37;22m▄\x1b[38;2;1;0;5;48;2;1;0;1m▄\x1b[38;2;1;0;2;48;2;0;0;0m▄\x1b[48;2;0;0;0m               \x1b[m
\x1b[48;2;0;0;0m                           \x1b[38;2;3;2;2;48;2;3;1;2m▄\x1b[38;2;20;11;5;48;2;14;8;3m▄\x1b[38;2;45;30;14;48;2;38;29;6m▄\x1b[38;2;11;3;4;48;2;72;52;27m▄\x1b[38;2;9;7;11;48;2;10;3;11m▄\x1b[38;2;78;76;73;48;2;59;56;57m▄\x1b[38;2;93;91;92;48;2;39;37;40m▄\x1b[38;2;9;7;12;48;2;2;1;4m▄\x1b[38;2;0;0;2;48;2;0;0;0m▄\x1b[48;2;0;0;0m              \x1b[m
\x1b[48;2;0;0;0m                          \x1b[38;2;0;0;0;48;2;1;0;1m▄\x1b[38;2;3;1;3;48;2;6;2;4m▄\x1b[38;2;3;1;4;48;2;18;11;9m▄\x1b[38;2;0;0;2;48;2;6;3;2m▄\x1b[38;2;10;10;9;48;2;4;4;6m▄\x1b[38;2;105;97;98;48;2;50;47;49m▄\x1b[38;2;141;135;133;48;2;136;130;127m▄\x1b[38;2;177;172;169;48;2;207;200;194m▄\x1b[38;2;32;31;31;48;2;28;24;27m▄\x1b[38;2;0;0;2;48;2;1;1;2m▄\x1b[48;2;0;0;0m              \x1b[m
\x1b[48;2;0;0;0m                              \x1b[38;2;17;17;17;48;2;13;12;12m▄\x1b[38;2;114;111;111;48;2;96;90;89m▄\x1b[38;2;2;2;6;48;2;49;43;46m▄\x1b[38;2;38;38;38;48;2;76;71;69m▄\x1b[38;2;190;186;184;48;2;129;125;126m▄\x1b[38;2;0;0;0;48;2;0;0;2m▄\x1b[48;2;0;0;0m              \x1b[m
\x1b[48;2;0;0;0m                              \x1b[38;2;0;0;0;48;2;15;15;15m▄\x1b[38;2;1;1;1;48;2;85;83;84m▄\x1b[38;2;1;0;2;48;2;1;0;3m▄\x1b[38;2;33;33;33;48;2;24;23;25m▄\x1b[38;2;146;139;140;48;2;146;138;138m▄\x1b[38;2;2;2;2;48;2;0;0;3m▄\x1b[48;2;0;0;0m              \x1b[m
\x1b[48;2;0;0;0m                                \x1b[38;2;0;0;0;48;2;0;0;2m▄\x1b[38;2;5;4;6;48;2;35;35;35m▄\x1b[38;2;1;0;4;48;2;54;51;52m▄\x1b[48;2;1;1;1m \x1b[48;2;0;0;0m              \x1b[m