\x1b[38;5;17;48;5;17m▄▄▄▄▄▄▄▄▄▄▄▄▄▄▄▄▄▄▄▄▄▄▄▄▄▄▄▄▄▄▄▄▄▄▄▄▄▄▄▄▄▄▄▄▄▄▄▄▄▄▄▄▄▄▄▄▄▄▄▄▄▄▄▄▄▄▄▄▄▄▄▄▄▄▄▄▄▄▄▄▄▄▄▄▄▄▄▄▄▄▄▄▄▄▄▄▄▄▄▄▄▄▄▄▄▄▄▄▄▄▄▄▄▄▄▄▄▄▄▄▄▄▄▄▄▄▄▄▄▄▄▄▄▄▄▄▄▄▄▄▄▄▄▄▄▄▄▄▄▄▄▄▄▄▄▄▄▄▄▄▄▄▄▄▄▄▄▄▄▄\x1b[38;5;237;48;5;17m▄\x1b[38;5;60;48;5;17m▄\x1b[38;5;17;48;5;17m▄▄▄▄▄▄▄▄▄▄▄▄▄▄▄▄▄▄\x1b[m
\x1b[38;5;17;48;5;17m▄▄▄▄▄▄▄▄▄▄▄▄▄▄▄▄▄▄▄▄▄▄▄▄▄▄▄▄▄▄▄▄▄▄▄▄▄▄▄▄▄▄▄▄▄▄▄▄▄▄▄▄▄▄▄▄\x1b[38;5;235;48;5;17m▄\x1b[38;5;103;48;5;235m▄\x1b[38;5;60;48;5;17m▄\x1b[38;5;17;48;5;17m▄▄▄▄▄▄▄▄▄▄▄▄▄▄▄▄▄▄▄▄▄▄▄▄▄▄▄▄▄▄▄▄▄▄▄▄▄▄▄▄▄▄▄▄▄▄▄▄▄▄▄▄▄▄▄▄▄▄▄▄▄▄▄\x1b[38;5;236;48;5;17m▄\x1b[38;5;60;48;5;17m▄\x1b[38;5;17;48;5;17m▄▄▄▄▄▄▄▄▄▄▄▄▄▄▄▄▄▄▄▄▄▄▄▄▄▄▄▄▄▄▄\x1b[38;5;236;48;5;17m▄\x1b[38;5;17;48;5;17m▄▄▄▄▄▄▄▄▄▄▄▄▄▄\x1b[38;5;17;48;5;238m▄\x1b[38;5;235;48;5;60m▄\x1b[38;5;17;48;5;17m▄▄▄▄▄▄▄▄▄▄▄▄▄▄▄▄▄▄\x1b[m
\x1b[38;5;17;48;5;17m▄▄▄▄▄▄▄▄▄▄▄▄▄▄▄▄▄▄▄▄▄▄▄▄▄▄▄▄▄▄▄▄▄▄▄▄▄▄▄▄▄▄▄▄▄▄▄▄▄▄▄▄▄▄▄▄▄\x1b[38;5;17;48;5;60m▄\x1b[38;5;17;48;5;236m▄\x1b[38;5;17;48;5;17m▄▄▄▄▄▄▄▄▄▄▄▄▄▄▄▄▄▄▄▄▄▄▄▄▄▄▄▄▄▄▄▄▄▄▄▄▄▄▄▄▄▄▄▄▄▄▄▄▄▄▄▄▄▄▄▄▄▄▄▄▄▄▄▄▄▄▄▄▄▄▄▄▄▄▄▄▄▄▄▄▄▄▄▄▄▄▄▄▄▄▄▄▄▄▄▄▄▄▄▄▄▄▄▄▄▄▄▄▄▄▄▄▄▄▄▄▄▄▄▄▄▄▄▄▄▄▄▄▄▄▄\x1b[m
\x1b[38;5;17;48;5;17m▄▄▄▄\x1b[38;5;236;48;5;17m▄\x1b[38;5;67;48;5;237m▄\x1b[38;5;60;48;5;236m▄\x1b[38;5;17;48;5;17m▄▄▄▄▄▄▄▄▄▄▄▄▄▄▄▄▄▄▄▄▄▄▄▄▄▄▄▄▄▄▄▄▄▄▄▄▄▄▄▄▄▄▄▄▄▄▄▄▄▄▄▄▄▄▄▄▄▄▄▄▄▄▄▄▄▄▄▄▄▄▄▄▄▄▄▄▄▄▄▄▄▄▄▄▄▄▄▄▄▄▄▄▄▄▄▄▄▄▄▄▄▄▄▄▄▄▄▄▄▄▄▄▄▄▄▄▄▄▄▄▄▄▄▄▄▄▄▄▄▄▄▄▄▄▄▄▄▄▄▄▄▄▄▄▄▄▄▄▄▄▄▄▄▄▄▄▄▄▄▄▄▄▄▄▄▄▄▄▄▄▄▄▄▄▄▄▄▄▄▄▄▄▄\x1b[m
\x1b[38;5;17;48;5;17m▄▄▄▄▄\x1b[38;5;17;48;5;24m▄▄\x1b[38;5;17;48;5;17m▄▄▄▄▄▄▄▄▄▄▄▄▄▄▄▄▄▄▄▄▄▄▄▄▄▄▄▄▄▄▄▄▄▄▄▄▄▄▄▄▄▄▄▄▄▄▄▄▄▄▄▄▄▄▄▄▄▄▄▄▄▄▄▄▄▄▄▄▄▄▄▄▄▄▄▄▄▄▄▄▄▄▄▄▄▄▄▄▄▄▄\x1b[38;5;23;48;5;17m▄\x1b[38;5;17;48;5;17m▄▄▄▄▄▄▄▄▄▄▄\x1b[38;5;24;48;5;24m▄\x1b[38;5;24;48;5;60m▄\x1b[38;5;17;48;5;17m▄▄▄▄▄▄▄▄▄▄▄▄▄▄▄▄▄▄▄▄▄▄▄▄▄▄▄▄▄▄▄▄▄▄▄▄▄▄▄▄▄▄▄▄▄▄▄▄▄▄▄▄▄▄▄▄▄▄▄\x1b[38;5;24;48;5;17m▄\x1b[38;5;17;48;5;17m▄▄▄▄▄▄▄▄▄▄▄▄▄▄▄▄▄▄\x1b[m
\x1b[38;5;17;48;5;17m▄▄▄▄\x1b[38;5;4;48;5;17m▄\x1b[38;5;4;48;5;4m▄\x1b[38;5;4;48;5;17m▄▄▄▄▄▄▄▄▄▄▄▄▄▄▄▄▄▄▄▄▄▄▄▄▄▄▄▄\x1b[38;5;24;48;5;17m▄▄\x1b[38;5;4;48;5;17m▄▄▄▄▄▄▄▄▄▄▄▄▄▄▄▄▄▄▄▄▄▄▄▄▄▄▄▄▄▄▄▄▄▄▄▄▄▄▄▄▄▄▄▄▄▄▄▄▄▄▄▄▄▄▄▄▄▄▄▄▄▄▄▄▄▄▄▄▄▄▄▄▄▄\x1b[38;5;4;48;5;4m▄▄\x1b[38;5;4;48;5;17m▄▄▄▄▄▄▄▄▄▄▄▄▄▄▄▄▄▄▄▄▄▄\x1b[38;5;4;48;5;24m▄\x1b[38;5;4;48;5;4m▄\x1b[38;5;4;48;5;17m▄▄▄▄▄▄▄▄▄▄▄▄▄▄▄▄▄▄▄▄▄▄▄▄▄▄▄▄▄▄▄▄▄▄▄\x1b[38;5;4;48;5;4m▄\x1b[38;5;4;48;5;17m▄▄▄▄▄▄▄▄▄▄▄▄▄▄▄▄▄▄\x1b[m
\x1b[38;5;4;48;5;17m▄▄\x1b[38;5;4;48;5;4m▄\x1b[38;5;24;48;5;4m▄▄▄▄▄\x1b[38;5;24;48;5;24m▄▄\x1b[38;5;24;48;5;4m▄▄▄▄▄▄▄▄▄▄▄▄▄▄▄▄▄▄▄▄▄▄▄▄▄▄▄▄▄▄▄▄▄▄▄▄▄▄▄▄▄▄\x1b[38;5;24;48;5;24m▄\x1b[38;5;24;48;5;4m▄▄▄▄▄▄▄▄▄▄▄▄▄▄▄▄▄▄▄▄▄▄▄▄▄▄▄▄▄▄▄▄▄▄\x1b[38;5;24;48;5;24m▄\x1b[38;5;24;48;5;4m▄▄▄▄▄▄▄▄▄▄▄▄▄▄▄▄▄▄▄▄▄▄▄▄▄▄▄▄▄▄▄▄▄▄▄▄▄▄▄▄▄▄▄▄▄▄▄▄▄▄▄▄▄▄▄▄▄▄▄▄▄▄\x1b[38;5;24;48;5;24m▄▄\x1b[38;5;24;48;5;4m▄▄▄▄▄▄▄▄▄▄▄▄▄▄▄▄▄▄▄▄▄▄▄▄▄▄▄▄▄▄▄▄▄▄▄▄▄▄\x1b[m
\x1b[38;5;24;48;5;24m▄▄▄▄▄▄▄▄▄▄▄▄▄▄▄▄▄▄▄▄▄▄▄▄▄▄▄▄▄▄▄▄▄▄▄▄▄▄▄▄▄▄▄▄▄▄▄▄▄▄▄▄▄▄▄▄▄▄▄▄▄▄▄▄▄▄▄▄▄▄▄▄▄▄▄▄▄▄▄▄▄▄▄▄▄▄▄▄▄▄▄▄▄▄▄▄▄▄▄▄▄▄▄▄▄▄▄▄▄▄▄▄▄▄▄▄▄▄▄▄▄▄▄▄▄▄▄▄▄▄▄▄▄▄▄▄▄▄▄▄▄▄▄▄▄▄▄▄▄▄▄▄▄▄▄▄▄▄▄▄▄▄▄▄▄▄▄▄▄▄▄▄▄▄▄▄▄▄▄▄▄▄▄▄▄▄▄▄▄▄\x1b[m
\x1b[38;5;24;48;5;24m▄▄▄▄▄▄▄▄▄▄▄▄▄▄▄▄▄▄▄▄▄▄▄▄▄▄▄▄▄▄\x1b[38;5;25;48;5;24m▄\x1b[38;5;24;48;5;24m▄▄▄▄▄▄▄▄▄▄▄▄▄▄▄▄▄▄▄▄▄▄▄▄▄▄▄▄▄▄▄▄▄▄▄▄▄▄▄▄▄▄▄▄▄▄▄▄▄▄▄▄▄▄▄▄▄▄▄▄▄▄▄▄▄▄▄▄▄▄▄▄▄▄▄▄▄▄▄▄▄▄▄▄▄▄▄▄▄▄▄▄▄▄▄▄▄▄▄▄▄▄▄▄▄▄▄▄▄▄▄▄▄▄▄▄▄▄▄▄▄▄▄▄▄▄▄▄▄▄▄▄▄▄▄▄▄▄▄▄▄▄▄▄▄▄▄▄▄▄▄▄▄▄▄▄▄▄▄\x1b[m
\x1b[38;5;24;48;5;24m▄▄▄▄▄▄▄▄▄▄▄▄▄▄▄▄▄▄▄▄▄▄▄▄▄▄▄▄▄▄\x1b[38;5;24;48;5;67m▄\x1b[38;5;24;48;5;25m▄\x1b[38;5;24;48;5;24m▄▄▄▄▄▄▄▄▄▄\x1b[38;5;25;48;5;24m▄\x1b[38;5;24;48;5;24m▄▄▄▄▄▄▄▄▄▄▄\x1b[38;5;25;48;5;24m▄\x1b[38;5;24;48;5;24m▄▄▄▄▄▄▄▄▄▄▄▄▄▄▄▄▄▄▄▄▄▄▄▄▄▄▄▄▄▄▄▄▄▄▄▄▄▄▄▄▄▄▄▄▄▄▄▄▄▄▄▄▄▄▄▄▄▄▄▄▄▄▄▄▄▄▄▄▄▄▄▄▄▄▄▄▄▄▄▄▄▄▄▄▄▄▄▄▄▄▄▄▄▄▄▄▄▄▄▄▄▄▄▄▄▄▄▄▄▄▄▄▄▄▄▄▄▄▄▄▄▄▄▄▄▄▄▄▄▄▄▄▄▄▄\x1b[m
\x1b[38;5;25;48;5;24m▄▄\x1b[38;5;25;48;5;25m▄▄▄▄▄▄▄▄▄▄▄▄▄▄▄▄▄▄▄▄▄▄▄▄▄▄▄▄▄▄▄▄▄▄▄▄▄▄▄▄▄▄▄▄▄▄▄▄▄▄▄▄▄▄▄▄▄▄▄▄▄▄▄▄▄▄▄▄▄▄▄▄▄▄▄▄▄▄▄▄▄▄▄▄▄▄▄▄▄▄▄▄▄▄▄▄▄▄▄▄▄▄▄▄▄▄▄▄▄▄▄▄▄▄▄▄▄▄▄▄▄▄▄▄▄▄▄▄▄▄▄▄▄▄▄▄▄▄▄▄▄▄▄▄▄▄▄▄▄▄▄▄▄▄▄▄▄▄▄▄▄▄▄▄▄▄▄▄▄▄▄▄▄▄▄▄▄▄▄▄▄▄▄▄▄▄▄▄\x1b[m
\x1b[38;5;25;48;5;25m▄▄▄▄▄▄▄▄▄▄▄▄▄▄▄▄▄▄▄▄▄▄▄▄▄▄▄▄▄▄▄▄▄▄▄▄▄▄▄▄▄▄▄▄▄▄▄▄▄▄▄▄▄▄▄▄▄▄▄▄▄▄▄▄▄▄▄▄▄▄▄▄▄▄▄▄▄▄▄▄▄▄▄▄▄▄▄▄▄▄▄▄▄▄▄▄▄\x1b[38;5;31;48;5;25m▄\x1b[38;5;25;48;5;25m▄▄▄▄▄▄▄▄▄▄▄▄▄▄▄▄▄▄▄▄▄▄▄▄▄▄▄▄▄▄▄▄▄▄▄▄▄▄▄▄▄▄▄▄▄▄▄▄▄▄▄▄▄▄▄\x1b[38;5;67;48;5;25m▄\x1b[38;5;25;48;5;25m▄▄▄▄▄▄▄▄▄▄▄▄▄▄▄▄▄▄▄▄▄▄▄▄▄▄▄▄▄▄▄▄▄▄▄▄\x1b[m
\x1b[38;5;25;48;5;25m▄▄▄▄▄▄▄▄▄▄▄▄▄▄▄▄▄▄▄▄▄▄▄▄▄▄▄▄▄▄▄▄▄▄▄▄▄▄▄▄▄▄▄▄▄▄▄▄▄▄▄▄▄▄▄▄▄▄▄▄▄▄▄▄▄▄▄▄▄▄▄▄▄▄▄▄▄▄▄▄▄▄▄▄▄▄▄▄▄▄▄▄▄▄▄▄▄\x1b[38;5;25;48;5;68m▄\x1b[38;5;25;48;5;31m▄\x1b[38;5;25;48;5;25m▄▄▄▄▄▄▄▄▄▄▄▄▄▄▄▄▄▄▄▄▄▄▄▄▄▄▄▄▄▄▄▄▄▄▄▄▄▄▄▄▄▄▄▄▄▄▄▄▄▄▄▄▄▄▄▄▄▄▄▄▄▄▄▄▄▄▄▄▄▄▄▄▄▄▄▄▄▄▄▄▄▄▄▄▄▄▄▄▄▄▄\x1b[m
\x1b[38;5;25;48;5;25m▄▄▄\x1b[38;5;68;48;5;25m▄\x1b[38;5;25;48;5;25m▄▄▄▄▄▄▄▄▄▄▄▄▄▄▄▄▄▄▄▄▄▄▄▄▄▄▄▄▄▄▄▄▄▄▄▄▄▄▄▄▄▄▄▄▄▄▄▄▄▄▄▄▄▄▄▄▄▄▄▄▄▄▄▄▄▄▄▄▄▄▄▄▄▄▄▄▄▄▄▄▄▄▄▄▄▄▄▄▄▄▄▄▄▄▄▄▄▄▄▄▄▄▄▄▄▄▄▄▄▄▄▄▄▄▄▄▄▄▄▄▄▄▄▄▄▄▄▄▄▄▄▄▄▄▄▄▄▄▄▄▄▄▄▄▄▄▄▄▄▄▄▄▄▄▄▄▄▄▄▄▄▄▄▄▄▄▄▄▄▄▄▄▄▄▄▄▄▄▄▄▄▄▄▄▄▄\x1b[m
\x1b[38;5;25;48;5;25m▄▄\x1b[38;5;26;48;5;25m▄\x1b[38;5;26;48;5;32m▄\x1b[38;5;26;48;5;25m▄▄▄▄▄▄▄▄▄▄▄▄▄▄▄▄▄▄▄▄▄▄▄▄▄▄▄▄▄▄▄▄▄▄▄▄▄▄▄▄▄▄▄▄▄▄▄▄▄▄▄▄▄▄▄▄▄▄▄▄▄▄▄▄▄▄▄▄▄▄▄▄▄▄▄▄▄▄▄▄▄▄▄▄▄▄▄▄▄▄▄▄▄▄▄▄▄▄▄▄▄▄▄▄▄▄▄▄▄▄▄▄▄▄▄▄▄▄▄▄▄▄▄▄▄▄▄▄▄▄▄▄▄▄▄▄▄▄▄▄▄▄▄▄▄▄▄▄▄▄▄▄▄▄▄▄▄▄▄▄▄▄▄▄▄▄▄▄▄▄▄▄▄▄▄▄▄▄▄▄▄▄▄▄▄▄\x1b[m
\x1b[38;5;26;48;5;26m▄▄▄▄▄▄▄▄▄▄▄▄▄▄▄▄▄▄▄▄▄▄▄▄▄▄▄▄▄▄▄▄▄▄▄▄▄▄▄▄▄▄▄▄▄▄▄▄▄▄▄▄▄▄▄▄▄▄▄▄▄▄▄▄▄▄▄▄▄▄▄▄▄▄▄▄▄▄▄▄▄▄▄▄▄▄▄▄▄▄▄▄▄▄▄▄▄▄▄▄▄▄▄▄▄▄▄▄▄▄▄▄▄▄▄▄▄▄▄▄▄▄▄▄▄▄▄▄▄▄▄▄▄▄▄▄▄▄\x1b[38;5;68;48;5;68m▄\x1b[38;5;32;48;5;32m▄\x1b[38;5;26;48;5;26m▄▄▄▄▄▄▄▄▄▄▄▄▄▄▄▄▄▄▄▄▄▄▄▄▄▄▄▄▄▄▄▄▄▄▄▄▄▄▄▄▄▄▄▄▄▄▄▄▄▄\x1b[m
\x1b[38;5;26;48;5;26m▄▄▄▄▄▄▄▄▄▄▄▄▄▄▄\x1b[38;5;32;48;5;26m▄\x1b[38;5;68;48;5;32m▄\x1b[38;5;74;48;5;32m▄\x1b[38;5;32;48;5;26m▄▄\x1b[38;5;26;48;5;26m▄▄▄▄▄▄▄▄▄▄▄▄▄▄▄▄▄▄▄▄▄▄▄▄▄▄▄▄▄▄▄▄▄▄▄▄▄▄▄▄▄▄▄▄▄▄▄▄▄▄▄▄▄▄▄▄▄▄▄▄▄▄▄▄▄▄▄▄▄▄▄▄▄▄▄▄▄▄▄▄▄▄▄▄▄▄▄▄▄▄▄▄▄▄▄▄▄▄▄▄▄▄\x1b[38;5;25;48;5;26m▄\x1b[38;5;23;48;5;25m▄\x1b[38;5;25;48;5;26m▄\x1b[38;5;26;48;5;26m▄▄▄▄▄▄▄▄▄▄▄▄▄▄▄▄▄▄▄▄▄▄▄▄▄▄▄▄▄▄▄▄▄▄▄▄▄▄▄▄▄▄▄▄▄▄▄\x1b[38;5;26;48;5;32m▄▄\x1b[38;5;26;48;5;26m▄▄▄▄▄▄▄▄▄▄▄▄▄▄▄▄\x1b[m
\x1b[38;5;32;48;5;26m▄▄▄▄▄▄▄▄▄▄▄▄▄\x1b[38;5;32;48;5;32m▄▄▄▄\x1b[38;5;32;48;5;68m▄\x1b[38;5;32;48;5;32m▄▄▄\x1b[38;5;32;48;5;26m▄▄▄▄▄▄▄▄▄▄▄▄▄▄▄▄▄▄▄▄▄▄▄▄▄▄▄▄▄▄▄▄▄▄▄▄▄▄▄▄▄▄▄\x1b[38;5;24;48;5;25m▄\x1b[38;5;29;48;5;25m▄\x1b[38;5;6;48;5;26m▄\x1b[38;5;32;48;5;26m▄▄▄▄▄▄▄▄▄▄▄▄▄▄▄▄▄▄▄▄▄▄▄▄▄▄▄▄▄▄▄▄▄▄▄▄▄▄▄▄▄▄\x1b[38;5;32;48;5;32m▄\x1b[38;5;32;48;5;26m▄▄▄▄▄▄▄▄▄▄▄\x1b[38;5;25;48;5;26m▄\x1b[38;5;22;48;5;6m▄\x1b[38;5;22;48;5;2m▄\x1b[38;5;23;48;5;23m▄\x1b[38;5;32;48;5;26m▄▄▄▄▄▄▄▄▄▄▄▄▄▄▄▄▄▄▄▄▄▄▄▄▄▄▄▄▄▄▄▄▄▄▄▄▄▄▄▄▄▄▄▄▄▄▄▄▄▄▄▄▄▄▄▄▄▄▄▄▄▄▄▄▄\x1b[m
\x1b[38;5;32;48;5;32m▄▄▄▄▄▄▄▄▄▄▄▄▄▄▄▄▄▄▄▄▄▄▄▄▄▄▄▄▄▄▄▄▄▄▄▄▄▄▄▄▄▄▄▄▄▄▄▄▄▄▄▄▄▄▄▄▄▄▄▄▄▄\x1b[38;5;26;48;5;32m▄\x1b[38;5;25;48;5;32m▄\x1b[38;5;25;48;5;25m▄\x1b[38;5;24;48;5;22m▄\x1b[38;5;22;48;5;22m▄\x1b[38;5;23;48;5;24m▄\x1b[38;5;31;48;5;32m▄\x1b[38;5;66;48;5;32m▄▄▄▄\x1b[38;5;25;48;5;32m▄\x1b[38;5;31;48;5;32m▄\x1b[38;5;66;48;5;32m▄▄▄▄▄▄\x1b[38;5;31;48;5;32m▄\x1b[38;5;32;48;5;32m▄▄\x1b[38;5;31;48;5;32m▄\x1b[38;5;66;48;5;32m▄\x1b[38;5;25;48;5;32m▄\x1b[38;5;32;48;5;32m▄▄▄\x1b[38;5;26;48;5;32m▄\x1b[38;5;25;48;5;32m▄▄\x1b[38;5;31;48;5;32m▄\x1b[38;5;32;48;5;32m▄▄▄▄\x1b[38;5;25;48;5;32m▄\x1b[38;5;66;48;5;32m▄\x1b[38;5;31;48;5;32m▄\x1b[38;5;26;48;5;32m▄▄\x1b[38;5;32;48;5;32m▄▄▄\x1b[38;5;25;48;5;32m▄\x1b[38;5;67;48;5;32m▄▄\x1b[38;5;66;48;5;32m▄▄▄▄\x1b[38;5;32;48;5;32m▄\x1b[38;5;25;48;5;32m▄\x1b[38;5;66;48;5;32m▄\x1b[38;5;32;48;5;32m▄▄▄▄▄\x1b[38;5;31;48;5;25m▄\x1b[38;5;236;48;5;22m▄\x1b[38;5;23;48;5;22m▄\x1b[38;5;32;48;5;24m▄\x1b[38;5;32;48;5;32m▄▄\x1b[38;5;66;48;5;32m▄\x1b[38;5;25;48;5;32m▄\x1b[38;5;32;48;5;32m▄▄▄▄▄▄▄▄▄▄▄▄▄▄▄▄▄▄▄▄▄▄▄▄▄▄▄▄▄▄▄▄▄▄▄▄▄▄▄▄▄▄▄▄▄▄▄▄▄▄▄▄▄▄▄▄▄▄▄▄▄\x1b[m
\x1b[38;5;111;48;5;75m▄\x1b[38;5;75;48;5;33m▄\x1b[38;5;33;48;5;32m▄▄\x1b[38;5;33;48;5;33m▄▄▄\x1b[38;5;33;48;5;32m▄▄\x1b[38;5;33;48;5;68m▄\x1b[38;5;33;48;5;32m▄\x1b[38;5;33;48;5;33m▄▄▄▄▄▄▄▄▄▄▄▄▄▄\x1b[38;5;33;48;5;32m▄▄▄\x1b[38;5;33;48;5;33m▄▄▄▄▄▄▄▄▄▄▄▄▄▄▄▄▄▄▄▄▄▄▄▄▄▄▄▄▄▄▄▄▄\x1b[38;5;25;48;5;24m▄\x1b[38;5;29;48;5;23m▄\x1b[38;5;2;48;5;22m▄\x1b[38;5;22;48;5;2m▄\x1b[38;5;22;48;5;23m▄\x1b[38;5;237;48;5;24m▄\x1b[38;5;172;48;5;243m▄\x1b[38;5;178;48;5;136m▄\x1b[38;5;136;48;5;178m▄\x1b[38;5;94;48;5;178m▄▄▄\x1b[38;5;239;48;5;240m▄\x1b[38;5;237;48;5;242m▄\x1b[38;5;94;48;5;136m▄▄\x1b[38;5;136;48;5;136m▄\x1b[38;5;136;48;5;178m▄\x1b[38;5;130;48;5;172m▄\x1b[38;5;136;48;5;178m▄\x1b[38;5;101;48;5;101m▄\x1b[38;5;32;48;5;26m▄\x1b[38;5;24;48;5;26m▄\x1b[38;5;172;48;5;3m▄\x1b[38;5;172;48;5;178m▄\x1b[38;5;240;48;5;242m▄\x1b[38;5;33;48;5;33m▄▄\x1b[38;5;26;48;5;26m▄\x1b[38;5;237;48;5;238m▄\x1b[38;5;136;48;5;136m▄▄\x1b[38;5;94;48;5;136m▄\x1b[38;5;172;48;5;101m▄\x1b[38;5;178;48;5;66m▄\x1b[38;5;66;48;5;32m▄\x1b[38;5;241;48;5;24m▄\x1b[38;5;58;48;5;239m▄\x1b[38;5;172;48;5;136m▄\x1b[38;5;136;48;5;136m▄\x1b[38;5;136;48;5;243m▄\x1b[38;5;178;48;5;101m▄\x1b[38;5;178;48;5;65m▄\x1b[38;5;101;48;5;31m▄\x1b[38;5;25;48;5;32m▄\x1b[38;5;58;48;5;58m▄\x1b[38;5;178;48;5;136m▄\x1b[38;5;136;48;5;172m▄\x1b[38;5;94;48;5;172m▄\x1b[38;5;94;48;5;178m▄▄▄\x1b[38;5;241;48;5;242m▄\x1b[38;5;24;48;5;23m▄\x1b[38;5;136;48;5;172m▄\x1b[38;5;136;48;5;65m▄\x1b[38;5;32;48;5;32m▄\x1b[38;5;33;48;5;33m▄\x1b[38;5;32;48;5;32m▄\x1b[38;5;239;48;5;242m▄\x1b[38;5;172;48;5;137m▄\x1b[38;5;136;48;5;65m▄\x1b[38;5;32;48;5;32m▄\x1b[38;5;33;48;5;33m▄\x1b[38;5;32;48;5;32m▄\x1b[38;5;136;48;5;59m▄\x1b[38;5;178;48;5;178m▄\x1b[38;5;31;48;5;241m▄\x1b[38;5;33;48;5;33m▄▄▄▄▄▄▄▄▄▄▄▄▄▄▄▄▄▄▄▄▄▄▄▄▄▄▄▄▄▄▄▄▄\x1b[38;5;33;48;5;32m▄▄▄\x1b[38;5;33;48;5;33m▄▄▄▄▄▄▄▄▄▄▄▄▄▄▄▄▄▄▄▄▄▄▄▄▄\x1b[m
\x1b[38;5;111;48;5;111m▄\x1b[38;5;75;48;5;111m▄\x1b[38;5;75;48;5;69m▄\x1b[38;5;33;48;5;33m▄▄▄▄▄▄▄▄▄▄▄▄▄▄▄▄▄▄▄▄▄▄▄▄▄▄▄▄▄▄▄▄▄▄▄▄▄▄▄▄▄▄▄▄▄▄▄▄▄▄▄▄▄▄▄▄▄▄▄▄\x1b[38;5;33;48;5;24m▄\x1b[38;5;33;48;5;22m▄\x1b[38;5;32;48;5;23m▄\x1b[38;5;241;48;5;239m▄\x1b[38;5;172;48;5;172m▄\x1b[38;5;178;48;5;178m▄\x1b[38;5;31;48;5;23m▄\x1b[38;5;32;48;5;24m▄\x1b[38;5;33;48;5;25m▄▄\x1b[38;5;33;48;5;26m▄\x1b[38;5;33;48;5;25m▄▄\x1b[38;5;25;48;5;24m▄\x1b[38;5;136;48;5;136m▄▄\x1b[38;5;32;48;5;238m▄\x1b[38;5;33;48;5;23m▄\x1b[38;5;33;48;5;24m▄\x1b[38;5;32;48;5;32m▄\x1b[38;5;94;48;5;240m▄\x1b[38;5;178;48;5;178m▄\x1b[38;5;136;48;5;136m▄\x1b[38;5;178;48;5;94m▄\x1b[38;5;25;48;5;32m▄\x1b[38;5;33;48;5;33m▄\x1b[38;5;33;48;5;32m▄\x1b[38;5;24;48;5;23m▄\x1b[38;5;136;48;5;136m▄\x1b[38;5;137;48;5;100m▄\x1b[38;5;60;48;5;24m▄\x1b[38;5;3;48;5;58m▄\x1b[38;5;172;48;5;172m▄\x1b[38;5;101;48;5;101m▄\x1b[38;5;32;48;5;24m▄\x1b[38;5;238;48;5;237m▄\x1b[38;5;178;48;5;178m▄\x1b[38;5;137;48;5;136m▄\x1b[38;5;25;48;5;237m▄\x1b[38;5;24;48;5;58m▄\x1b[38;5;136;48;5;172m▄\x1b[38;5;178;48;5;136m▄\x1b[38;5;66;48;5;31m▄\x1b[38;5;58;48;5;58m▄\x1b[38;5;178;48;5;178m▄\x1b[38;5;101;48;5;100m▄\x1b[38;5;32;48;5;24m▄\x1b[38;5;33;48;5;25m▄▄▄\x1b[38;5;33;48;5;32m▄\x1b[38;5;32;48;5;25m▄\x1b[38;5;239;48;5;58m▄\x1b[38;5;172;48;5;178m▄\x1b[38;5;101;48;5;60m▄\x1b[38;5;33;48;5;33m▄\x1b[38;5;66;48;5;25m▄\x1b[38;5;136;48;5;58m▄\x1b[38;5;136;48;5;136m▄\x1b[38;5;172;48;5;178m▄\x1b[38;5;65;48;5;31m▄\x1b[38;5;32;48;5;33m▄\x1b[38;5;94;48;5;24m▄\x1b[38;5;178;48;5;172m▄\x1b[38;5;101;48;5;136m▄\x1b[38;5;32;48;5;32m▄\x1b[38;5;33;48;5;33m▄▄▄▄▄▄▄▄▄▄▄▄▄▄▄▄▄▄▄▄▄▄▄▄▄▄▄▄▄▄▄▄▄▄▄▄▄▄▄▄▄▄▄▄▄▄▄▄▄▄▄▄▄▄▄▄▄▄▄▄\x1b[38;5;111;48;5;75m▄\x1b[m
\x1b[38;5;111;48;5;75m▄\x1b[38;5;75;48;5;75m▄▄▄\x1b[38;5;153;48;5;75m▄▄\x1b[38;5;75;48;5;33m▄\x1b[38;5;33;48;5;33m▄▄▄▄▄▄▄▄▄▄▄▄▄▄▄▄▄▄▄▄▄▄▄▄▄▄▄▄▄▄▄▄▄▄▄▄▄▄▄▄▄▄▄▄▄▄▄▄▄▄▄▄▄▄▄▄▄▄▄\x1b[38;5;25;48;5;24m▄\x1b[38;5;58;48;5;136m▄\x1b[38;5;172;48;5;178m▄\x1b[38;5;172;48;5;136m▄\x1b[38;5;172;48;5;101m▄\x1b[38;5;178;48;5;65m▄\x1b[38;5;136;48;5;31m▄\x1b[38;5;32;48;5;33m▄\x1b[38;5;33;48;5;33m▄▄\x1b[38;5;25;48;5;25m▄\x1b[38;5;136;48;5;136m▄▄\x1b[38;5;32;48;5;32m▄\x1b[38;5;33;48;5;33m▄\x1b[38;5;32;48;5;33m▄\x1b[38;5;241;48;5;25m▄\x1b[38;5;172;48;5;136m▄\x1b[38;5;136;48;5;178m▄\x1b[38;5;239;48;5;136m▄\x1b[38;5;136;48;5;178m▄\x1b[38;5;178;48;5;242m▄\x1b[38;5;32;48;5;33m▄\x1b[38;5;33;48;5;33m▄\x1b[38;5;25;48;5;24m▄\x1b[38;5;136;48;5;136m▄▄\x1b[38;5;94;48;5;136m▄\x1b[38;5;58;48;5;172m▄\x1b[38;5;24;48;5;136m▄\x1b[38;5;33;48;5;67m▄\x1b[38;5;33;48;5;33m▄\x1b[38;5;238;48;5;238m▄\x1b[38;5;178;48;5;178m▄\x1b[38;5;101;48;5;107m▄\x1b[38;5;32;48;5;32m▄\x1b[38;5;33;48;5;32m▄\x1b[38;5;58;48;5;58m▄\x1b[38;5;178;48;5;178m▄\x1b[38;5;59;48;5;242m▄\x1b[38;5;58;48;5;58m▄\x1b[38;5;172;48;5;178m▄\x1b[38;5;178;48;5;136m▄\x1b[38;5;172;48;5;66m▄\x1b[38;5;178;48;5;66m▄\x1b[38;5;172;48;5;66m▄\x1b[38;5;66;48;5;32m▄\x1b[38;5;33;48;5;33m▄▄\x1b[38;5;25;48;5;24m▄\x1b[38;5;3;48;5;136m▄\x1b[38;5;178;48;5;178m▄\x1b[38;5;242;48;5;31m▄\x1b[38;5;3;48;5;242m▄\x1b[38;5;172;48;5;172m▄\x1b[38;5;238;48;5;94m▄\x1b[38;5;136;48;5;178m▄\x1b[38;5;136;48;5;101m▄\x1b[38;5;241;48;5;25m▄\x1b[38;5;172;48;5;136m▄\x1b[38;5;142;48;5;178m▄\x1b[38;5;32;48;5;66m▄\x1b[38;5;33;48;5;33m▄▄▄▄▄▄▄▄▄▄▄▄▄▄▄▄▄▄▄▄▄▄▄▄▄▄▄▄▄▄▄▄▄▄▄▄▄▄▄▄▄▄▄▄▄▄▄\x1b[38;5;69;48;5;75m▄\x1b[38;5;33;48;5;33m▄▄▄▄▄▄▄▄▄▄▄\x1b[38;5;75;48;5;33m▄\x1b[38;5;195;48;5;117m▄\x1b[38;5;195;48;5;153m▄\x1b[m
\x1b[38;5;117;48;5;117m▄▄\x1b[38;5;153;48;5;111m▄\x1b[38;5;195;48;5;153m▄\x1b[48;5;195m   \x1b[38;5;195;48;5;153m▄▄\x1b[38;5;195;48;5;195m▄\x1b[38;5;195;48;5;153m▄\x1b[38;5;117;48;5;33m▄\x1b[38;5;33;48;5;33m▄▄▄▄▄▄▄▄▄▄▄▄▄▄▄▄▄▄▄▄▄▄▄▄▄▄▄▄▄▄▄▄▄▄▄▄▄▄▄▄▄▄▄▄▄▄▄▄▄▄▄▄▄\x1b[38;5;32;48;5;33m▄\x1b[38;5;67;48;5;33m▄\x1b[38;5;32;48;5;25m▄\x1b[38;5;32;48;5;23m▄\x1b[38;5;31;48;5;240m▄\x1b[38;5;240;48;5;136m▄\x1b[38;5;172;48;5;172m▄\x1b[38;5;178;48;5;172m▄\x1b[38;5;67;48;5;31m▄\x1b[38;5;33;48;5;33m▄▄\x1b[38;5;31;48;5;31m▄\x1b[38;5;136;48;5;136m▄▄\x1b[38;5;32;48;5;32m▄\x1b[38;5;33;48;5;33m▄\x1b[38;5;60;48;5;66m▄\x1b[38;5;94;48;5;136m▄\x1b[38;5;94;48;5;178m▄▄\x1b[38;5;3;48;5;178m▄\x1b[38;5;136;48;5;178m▄\x1b[38;5;94;48;5;178m▄\x1b[38;5;3;48;5;3m▄\x1b[38;5;31;48;5;31m▄\x1b[38;5;25;48;5;32m▄\x1b[38;5;136;48;5;136m▄▄\x1b[38;5;58;48;5;130m▄\x1b[38;5;178;48;5;172m▄\x1b[38;5;136;48;5;60m▄\x1b[38;5;32;48;5;33m▄\x1b[38;5;33;48;5;33m▄\x1b[38;5;238;48;5;239m▄\x1b[38;5;178;48;5;178m▄\x1b[38;5;101;48;5;101m▄\x1b[38;5;32;48;5;32m▄\x1b[38;5;33;48;5;33m▄\x1b[38;5;94;48;5;58m▄\x1b[38;5;178;48;5;178m▄\x1b[38;5;66;48;5;59m▄\x1b[38;5;58;48;5;58m▄\x1b[38;5;178;48;5;178m▄\x1b[38;5;101;48;5;136m▄\x1b[38;5;31;48;5;94m▄\x1b[38;5;32;48;5;58m▄▄\x1b[38;5;33;48;5;31m▄\x1b[38;5;33;48;5;33m▄▄\x1b[38;5;33;48;5;32m▄\x1b[38;5;24;48;5;240m▄\x1b[38;5;136;48;5;178m▄\x1b[38;5;94;48;5;136m▄\x1b[38;5;136;48;5;136m▄\x1b[38;5;241;48;5;3m▄\x1b[38;5;33;48;5;32m▄\x1b[38;5;240;48;5;58m▄\x1b[38;5;94;48;5;172m▄\x1b[38;5;136;48;5;136m▄\x1b[38;5;178;48;5;172m▄\x1b[38;5;66;48;5;101m▄\x1b[38;5;33;48;5;33m▄▄▄▄▄▄▄▄▄▄▄▄▄▄▄▄▄▄▄▄▄▄▄▄▄▄▄▄▄▄▄▄▄▄▄▄▄▄▄▄▄▄▄▄▄▄▄▄▄▄▄▄▄▄▄▄▄\x1b[38;5;75;48;5;33m▄▄▄\x1b[38;5;153;48;5;111m▄\x1b[38;5;189;48;5;195m▄\x1b[38;5;195;48;5;195m▄\x1b[m
\x1b[38;5;153;48;5;117m▄▄\x1b[38;5;189;48;5;153m▄\x1b[38;5;195;48;5;189m▄\x1b[48;5;195m       \x1b[38;5;195;48;5;195m▄\x1b[38;5;195;48;5;75m▄▄▄\x1b[38;5;117;48;5;39m▄\x1b[38;5;39;48;5;39m▄▄▄▄▄▄▄▄▄▄▄▄▄▄▄▄▄▄▄▄▄▄▄▄▄▄▄▄▄▄▄▄▄▄▄▄▄▄▄▄▄▄▄▄▄▄▄▄▄\x1b[38;5;66;48;5;67m▄\x1b[38;5;136;48;5;3m▄\x1b[38;5;178;48;5;101m▄\x1b[38;5;178;48;5;242m▄\x1b[38;5;178;48;5;65m▄\x1b[38;5;178;48;5;3m▄\x1b[38;5;178;48;5;178m▄\x1b[38;5;3;48;5;178m▄\x1b[38;5;38;48;5;67m▄\x1b[38;5;39;48;5;39m▄▄\x1b[38;5;67;48;5;31m▄\x1b[38;5;136;48;5;136m▄▄\x1b[38;5;74;48;5;68m▄\x1b[38;5;39;48;5;39m▄\x1b[38;5;65;48;5;66m▄\x1b[38;5;172;48;5;136m▄\x1b[38;5;136;48;5;136m▄\x1b[38;5;39;48;5;240m▄\x1b[38;5;39;48;5;24m▄\x1b[38;5;25;48;5;238m▄\x1b[38;5;94;48;5;136m▄\x1b[38;5;178;48;5;136m▄\x1b[38;5;8;48;5;67m▄\x1b[38;5;24;48;5;24m▄\x1b[48;5;172m \x1b[38;5;143;48;5;136m▄\x1b[38;5;25;48;5;240m▄\x1b[38;5;94;48;5;136m▄\x1b[38;5;178;48;5;178m▄\x1b[38;5;101;48;5;66m▄\x1b[38;5;60;48;5;32m▄\x1b[38;5;58;48;5;239m▄\x1b[38;5;136;48;5;178m▄\x1b[38;5;136;48;5;136m▄\x1b[38;5;136;48;5;241m▄\x1b[38;5;172;48;5;101m▄\x1b[38;5;172;48;5;172m▄\x1b[38;5;101;48;5;136m▄\x1b[38;5;32;48;5;67m▄\x1b[48;5;58m \x1b[38;5;178;48;5;178m▄\x1b[38;5;136;48;5;137m▄\x1b[38;5;136;48;5;32m▄\x1b[38;5;142;48;5;32m▄▄▄\x1b[38;5;65;48;5;33m▄\x1b[38;5;39;48;5;39m▄▄\x1b[38;5;32;48;5;31m▄\x1b[38;5;238;48;5;58m▄\x1b[38;5;172;48;5;130m▄\x1b[38;5;137;48;5;136m▄\x1b[38;5;68;48;5;67m▄\x1b[38;5;39;48;5;39m▄\x1b[38;5;32;48;5;25m▄\x1b[38;5;95;48;5;94m▄\x1b[38;5;178;48;5;172m▄\x1b[38;5;101;48;5;136m▄\x1b[38;5;39;48;5;32m▄\x1b[38;5;39;48;5;39m▄▄▄▄▄▄▄▄▄▄▄▄▄▄▄▄▄▄▄▄▄▄▄▄▄▄▄▄▄▄▄▄▄▄▄▄▄▄▄▄▄▄▄▄▄▄▄▄▄▄▄▄▄▄▄▄\x1b[38;5;75;48;5;75m▄\x1b[38;5;117;48;5;117m▄\x1b[38;5;153;48;5;153m▄▄▄\x1b[38;5;189;48;5;153m▄\x1b[38;5;195;48;5;195m▄\x1b[m
\x1b[38;5;153;48;5;153m▄▄\x1b[38;5;195;48;5;195m▄\x1b[48;5;195m            \x1b[38;5;195;48;5;189m▄\x1b[38;5;117;48;5;75m▄▄\x1b[38;5;75;48;5;75m▄▄▄▄▄▄▄▄▄▄▄▄▄▄▄▄▄▄▄▄▄▄▄▄▄▄▄▄▄▄▄▄▄▄▄▄▄▄▄▄▄▄▄▄▄▄▄\x1b[38;5;74;48;5;60m▄\x1b[38;5;31;48;5;94m▄\x1b[38;5;60;48;5;136m▄\x1b[38;5;66;48;5;136m▄▄▄\x1b[38;5;68;48;5;3m▄\x1b[38;5;75;48;5;32m▄\x1b[38;5;75;48;5;75m▄▄▄\x1b[38;5;68;48;5;67m▄\x1b[38;5;66;48;5;94m▄\x1b[38;5;67;48;5;3m▄\x1b[38;5;75;48;5;74m▄▄\x1b[38;5;67;48;5;59m▄\x1b[38;5;66;48;5;3m▄\x1b[38;5;74;48;5;66m▄\x1b[38;5;75;48;5;75m▄▄\x1b[38;5;75;48;5;38m▄\x1b[38;5;24;48;5;238m▄\x1b[38;5;242;48;5;136m▄\x1b[38;5;68;48;5;101m▄\x1b[38;5;31;48;5;60m▄\x1b[38;5;59;48;5;136m▄\x1b[38;5;67;48;5;101m▄\x1b[38;5;75;48;5;68m▄\x1b[38;5;32;48;5;60m▄\x1b[38;5;241;48;5;136m▄▄\x1b[38;5;67;48;5;241m▄\x1b[38;5;6;48;5;239m▄\x1b[38;5;60;48;5;136m▄\x1b[38;5;66;48;5;3m▄\x1b[38;5;31;48;5;94m▄▄\x1b[38;5;74;48;5;241m▄\x1b[38;5;75;48;5;68m▄\x1b[38;5;74;48;5;32m▄\x1b[38;5;59;48;5;58m▄\x1b[38;5;59;48;5;136m▄▄▄\x1b[38;5;65;48;5;136m▄\x1b[38;5;59;48;5;172m▄\x1b[38;5;59;48;5;178m▄\x1b[38;5;67;48;5;65m▄\x1b[38;5;75;48;5;75m▄▄▄\x1b[38;5;31;48;5;240m▄\x1b[38;5;241;48;5;136m▄\x1b[38;5;67;48;5;101m▄\x1b[38;5;75;48;5;74m▄\x1b[38;5;75;48;5;75m▄\x1b[38;5;74;48;5;74m▄\x1b[38;5;67;48;5;59m▄\x1b[38;5;66;48;5;3m▄\x1b[38;5;75;48;5;67m▄\x1b[38;5;75;48;5;75m▄▄▄▄▄▄▄▄▄▄▄▄▄▄▄▄▄▄▄▄▄▄▄▄▄▄▄▄▄▄▄▄▄▄▄▄▄▄▄▄▄▄▄▄▄▄▄▄▄▄▄▄▄\x1b[38;5;117;48;5;75m▄▄▄\x1b[38;5;75;48;5;75m▄\x1b[38;5;153;48;5;81m▄\x1b[38;5;153;48;5;153m▄▄▄\x1b[38;5;195;48;5;195m▄▄\x1b[48;5;195m \x1b[m
\x1b[38;5;195;48;5;195m▄▄▄\x1b[48;5;195m            \x1b[38;5;195;48;5;195m▄▄▄\x1b[38;5;195;48;5;153m▄\x1b[38;5;117;48;5;75m▄\x1b[38;5;75;48;5;75m▄▄▄▄▄▄▄▄▄▄▄▄▄▄▄▄▄▄▄▄▄▄▄▄▄▄▄▄▄▄▄▄▄▄▄▄▄▄▄▄▄▄▄▄▄▄▄▄▄▄▄\x1b[38;5;66;48;5;75m▄\x1b[38;5;136;48;5;75m▄\x1b[38;5;72;48;5;75m▄\x1b[38;5;75;48;5;75m▄▄\x1b[38;5;74;48;5;75m▄\x1b[38;5;243;48;5;74m▄\x1b[38;5;178;48;5;67m▄\x1b[38;5;66;48;5;74m▄\x1b[38;5;75;48;5;75m▄\x1b[38;5;74;48;5;75m▄\x1b[38;5;101;48;5;74m▄\x1b[38;5;178;48;5;68m▄\x1b[38;5;136;48;5;74m▄\x1b[38;5;74;48;5;75m▄\x1b[38;5;75;48;5;75m▄\x1b[38;5;75;48;5;74m▄\x1b[38;5;74;48;5;74m▄\x1b[38;5;100;48;5;74m▄\x1b[38;5;178;48;5;67m▄\x1b[38;5;101;48;5;68m▄\x1b[38;5;75;48;5;75m▄▄▄\x1b[38;5;75;48;5;74m▄\x1b[38;5;66;48;5;74m▄\x1b[38;5;100;48;5;75m▄\x1b[38;5;101;48;5;75m▄\x1b[38;5;75;48;5;75m▄▄▄▄▄\x1b[38;5;66;48;5;74m▄\x1b[38;5;136;48;5;68m▄\x1b[38;5;179;48;5;67m▄\x1b[38;5;136;48;5;67m▄\x1b[38;5;178;48;5;67m▄▄▄\x1b[38;5;142;48;5;67m▄\x1b[38;5;73;48;5;74m▄\x1b[38;5;242;48;5;74m▄\x1b[38;5;178;48;5;68m▄\x1b[38;5;107;48;5;74m▄\x1b[38;5;74;48;5;75m▄\x1b[38;5;75;48;5;75m▄\x1b[38;5;243;48;5;68m▄\x1b[38;5;178;48;5;67m▄\x1b[38;5;101;48;5;74m▄\x1b[38;5;75;48;5;75m▄▄▄▄▄▄▄▄▄▄▄▄▄▄▄▄▄▄▄▄▄▄▄▄▄▄▄▄▄▄▄▄▄▄▄▄▄▄▄▄▄▄▄▄▄▄▄▄▄\x1b[38;5;117;48;5;75m▄\x1b[38;5;117;48;5;81m▄\x1b[38;5;117;48;5;75m▄\x1b[38;5;75;48;5;75m▄▄▄▄\x1b[38;5;81;48;5;75m▄\x1b[38;5;117;48;5;81m▄\x1b[38;5;117;48;5;117m▄▄\x1b[38;5;153;48;5;117m▄▄\x1b[38;5;153;48;5;153m▄\x1b[38;5;189;48;5;153m▄\x1b[38;5;195;48;5;195m▄\x1b[38;5;153;48;5;153m▄\x1b[38;5;153;48;5;189m▄\x1b[38;5;195;48;5;195m▄▄\x1b[m
\x1b[48;5;195m                  \x1b[38;5;195;48;5;195m▄\x1b[38;5;81;48;5;117m▄\x1b[38;5;81;48;5;75m▄▄▄▄▄\x1b[38;5;117;48;5;75m▄\x1b[38;5;153;48;5;75m▄\x1b[38;5;117;48;5;75m▄\x1b[38;5;81;48;5;75m▄▄▄▄▄▄▄▄▄▄▄▄▄▄▄▄▄▄▄▄▄▄▄▄▄▄▄▄▄▄▄▄▄▄▄▄▄▄▄▄▄▄\x1b[38;5;75;48;5;75m▄\x1b[38;5;60;48;5;59m▄\x1b[38;5;136;48;5;178m▄\x1b[38;5;142;48;5;107m▄\x1b[38;5;73;48;5;74m▄\x1b[38;5;81;48;5;75m▄\x1b[38;5;67;48;5;74m▄\x1b[38;5;172;48;5;100m▄\x1b[38;5;101;48;5;178m▄\x1b[38;5;74;48;5;73m▄\x1b[38;5;75;48;5;75m▄\x1b[38;5;66;48;5;73m▄\x1b[38;5;136;48;5;136m▄\x1b[38;5;178;48;5;179m▄\x1b[38;5;94;48;5;136m▄\x1b[38;5;73;48;5;74m▄\x1b[38;5;81;48;5;75m▄▄\x1b[38;5;73;48;5;73m▄\x1b[38;5;94;48;5;94m▄\x1b[38;5;178;48;5;178m▄\x1b[38;5;101;48;5;101m▄\x1b[38;5;81;48;5;75m▄▄▄\x1b[38;5;74;48;5;74m▄\x1b[38;5;65;48;5;65m▄\x1b[38;5;172;48;5;178m▄\x1b[48;5;178m \x1b[38;5;74;48;5;74m▄\x1b[38;5;81;48;5;75m▄▄▄\x1b[38;5;75;48;5;75m▄\x1b[38;5;66;48;5;66m▄\x1b[38;5;136;48;5;136m▄\x1b[38;5;214;48;5;178m▄\x1b[38;5;65;48;5;136m▄\x1b[38;5;66;48;5;136m▄▄▄▄\x1b[38;5;74;48;5;73m▄\x1b[38;5;67;48;5;59m▄\x1b[38;5;136;48;5;178m▄\x1b[38;5;136;48;5;142m▄\x1b[38;5;72;48;5;74m▄\x1b[38;5;65;48;5;73m▄\x1b[38;5;136;48;5;136m▄\x1b[38;5;136;48;5;172m▄\x1b[38;5;238;48;5;65m▄\x1b[38;5;23;48;5;74m▄\x1b[38;5;29;48;5;74m▄\x1b[38;5;74;48;5;75m▄\x1b[38;5;81;48;5;75m▄▄▄▄▄▄▄▄▄▄▄▄▄▄▄▄▄▄▄▄▄▄▄▄▄▄▄▄▄▄▄▄▄▄▄▄▄▄▄▄▄▄▄▄▄\x1b[38;5;117;48;5;117m▄▄▄▄\x1b[38;5;117;48;5;81m▄▄\x1b[38;5;117;48;5;75m▄\x1b[38;5;117;48;5;81m▄\x1b[38;5;117;48;5;117m▄▄▄\x1b[38;5;153;48;5;153m▄▄▄▄\x1b[38;5;153;48;5;189m▄\x1b[38;5;153;48;5;195m▄▄\x1b[38;5;195;48;5;189m▄\x1b[38;5;195;48;5;195m▄▄\x1b[m
\x1b[48;5;195m                 \x1b[38;5;195;48;5;195m▄\x1b[38;5;81;48;5;117m▄\x1b[38;5;81;48;5;81m▄▄▄▄▄\x1b[38;5;153;48;5;117m▄\x1b[38;5;195;48;5;195m▄\x1b[48;5;195m \x1b[38;5;195;48;5;195m▄\x1b[38;5;195;48;5;153m▄\x1b[38;5;153;48;5;81m▄\x1b[38;5;81;48;5;81m▄▄▄▄▄▄▄▄▄▄▄▄▄▄▄▄▄▄▄▄▄▄▄▄▄▄▄▄▄▄▄▄▄▄▄▄▄▄▄\x1b[38;5;73;48;5;80m▄\x1b[38;5;22;48;5;73m▄\x1b[38;5;22;48;5;23m▄\x1b[38;5;238;48;5;94m▄\x1b[38;5;178;48;5;178m▄\x1b[38;5;107;48;5;108m▄\x1b[38;5;73;48;5;81m▄\x1b[38;5;136;48;5;242m▄\x1b[38;5;142;48;5;178m▄\x1b[38;5;73;48;5;108m▄\x1b[38;5;81;48;5;80m▄\x1b[38;5;74;48;5;74m▄\x1b[38;5;101;48;5;101m▄\x1b[38;5;178;48;5;172m▄\x1b[38;5;3;48;5;178m▄\x1b[38;5;178;48;5;136m▄\x1b[38;5;143;48;5;107m▄\x1b[38;5;74;48;5;80m▄\x1b[38;5;81;48;5;81m▄\x1b[38;5;73;48;5;73m▄\x1b[38;5;94;48;5;94m▄\x1b[38;5;178;48;5;178m▄\x1b[38;5;107;48;5;101m▄\x1b[38;5;81;48;5;81m▄▄▄\x1b[38;5;80;48;5;80m▄\x1b[38;5;66;48;5;66m▄\x1b[38;5;136;48;5;136m▄\x1b[38;5;178;48;5;178m▄\x1b[38;5;66;48;5;73m▄\x1b[38;5;81;48;5;81m▄▄▄▄\x1b[38;5;66;48;5;66m▄\x1b[38;5;136;48;5;136m▄\x1b[38;5;178;48;5;214m▄\x1b[38;5;243;48;5;72m▄\x1b[38;5;80;48;5;74m▄▄\x1b[38;5;74;48;5;74m▄\x1b[38;5;81;48;5;74m▄\x1b[38;5;81;48;5;81m▄\x1b[38;5;80;48;5;74m▄\x1b[38;5;241;48;5;58m▄\x1b[38;5;172;48;5;178m▄\x1b[38;5;172;48;5;101m▄\x1b[38;5;172;48;5;3m▄\x1b[38;5;178;48;5;136m▄\x1b[38;5;72;48;5;107m▄\x1b[38;5;81;48;5;66m▄\x1b[38;5;73;48;5;22m▄\x1b[38;5;29;48;5;22m▄\x1b[38;5;29;48;5;6m▄\x1b[38;5;74;48;5;80m▄\x1b[38;5;81;48;5;81m▄▄▄▄▄▄▄▄▄▄▄▄▄▄▄▄▄▄▄▄▄▄▄▄▄▄▄▄▄▄▄▄▄▄▄▄▄▄▄▄▄\x1b[38;5;117;48;5;81m▄\x1b[38;5;117;48;5;117m▄▄▄▄▄▄▄▄▄▄▄▄▄\x1b[38;5;117;48;5;153m▄\x1b[38;5;153;48;5;153m▄▄▄▄▄▄▄\x1b[38;5;195;48;5;195m▄▄\x1b[m
\x1b[48;5;195m                 \x1b[38;5;195;48;5;195m▄\x1b[38;5;153;48;5;153m▄\x1b[38;5;117;48;5;81m▄▄\x1b[38;5;117;48;5;117m▄\x1b[38;5;153;48;5;117m▄▄\x1b[38;5;153;48;5;153m▄\x1b[38;5;153;48;5;189m▄\x1b[38;5;189;48;5;195m▄\x1b[38;5;195;48;5;195m▄\x1b[48;5;195m  \x1b[38;5;195;48;5;195m▄\x1b[38;5;81;48;5;81m▄▄▄▄▄▄▄▄▄▄▄▄▄▄▄▄▄▄▄▄▄▄▄▄▄▄▄▄▄▄▄▄▄▄▄▄▄▄\x1b[38;5;29;48;5;29m▄\x1b[38;5;2;48;5;22m▄\x1b[38;5;29;48;5;22m▄\x1b[38;5;73;48;5;23m▄\x1b[38;5;94;48;5;136m▄\x1b[38;5;172;48;5;142m▄\x1b[38;5;3;48;5;65m▄\x1b[38;5;178;48;5;172m▄\x1b[38;5;107;48;5;143m▄\x1b[38;5;80;48;5;74m▄\x1b[38;5;73;48;5;80m▄\x1b[38;5;136;48;5;72m▄\x1b[38;5;178;48;5;136m▄\x1b[38;5;178;48;5;172m▄\x1b[38;5;142;48;5;58m▄\x1b[38;5;178;48;5;136m▄▄\x1b[38;5;101;48;5;73m▄\x1b[38;5;73;48;5;81m▄\x1b[38;5;73;48;5;73m▄\x1b[38;5;3;48;5;3m▄\x1b[38;5;178;48;5;178m▄\x1b[38;5;107;48;5;107m▄\x1b[38;5;81;48;5;81m▄▄▄▄\x1b[38;5;73;48;5;73m▄\x1b[38;5;100;48;5;136m▄\x1b[38;5;178;48;5;178m▄\x1b[38;5;101;48;5;72m▄\x1b[38;5;81;48;5;81m▄▄▄\x1b[38;5;80;48;5;80m▄\x1b[38;5;66;48;5;66m▄\x1b[38;5;136;48;5;136m▄\x1b[38;5;178;48;5;178m▄\x1b[38;5;136;48;5;136m▄\x1b[38;5;3;48;5;136m▄\x1b[38;5;94;48;5;136m▄\x1b[38;5;3;48;5;136m▄\x1b[38;5;80;48;5;80m▄\x1b[38;5;81;48;5;81m▄▄\x1b[38;5;74;48;5;67m▄\x1b[38;5;242;48;5;3m▄\x1b[38;5;172;48;5;172m▄\x1b[38;5;178;48;5;178m▄\x1b[38;5;101;48;5;178m▄\x1b[38;5;80;48;5;73m▄\x1b[38;5;81;48;5;81m▄▄\x1b[38;5;81;48;5;74m▄\x1b[38;5;81;48;5;73m▄\x1b[38;5;81;48;5;80m▄\x1b[38;5;81;48;5;81m▄▄▄▄▄▄▄▄▄▄▄▄▄▄▄▄▄▄▄▄▄▄▄▄▄▄▄▄▄▄▄▄▄▄▄▄▄▄▄▄▄\x1b[38;5;81;48;5;117m▄\x1b[38;5;117;48;5;117m▄\x1b[38;5;153;48;5;153m▄▄▄▄▄▄▄▄▄▄▄▄▄▄▄▄▄\x1b[38;5;195;48;5;153m▄\x1b[38;5;195;48;5;195m▄▄▄▄\x1b[m
\x1b[38;5;195;48;5;195m▄▄▄▄\x1b[48;5;195m             \x1b[38;5;195;48;5;195m▄\x1b[38;5;153;48;5;153m▄▄▄▄▄\x1b[48;5;153m \x1b[38;5;153;48;5;153m▄\x1b[38;5;195;48;5;153m▄\x1b[38;5;195;48;5;195m▄\x1b[48;5;195m   \x1b[38;5;195;48;5;153m▄\x1b[38;5;153;48;5;117m▄\x1b[38;5;81;48;5;81m▄\x1b[38;5;80;48;5;81m▄▄▄▄▄▄▄▄▄▄▄▄▄▄▄▄▄▄▄▄▄▄▄▄▄▄▄▄▄▄▄▄▄▄▄▄\x1b[38;5;80;48;5;73m▄\x1b[38;5;72;48;5;29m▄\x1b[38;5;80;48;5;80m▄▄\x1b[38;5;66;48;5;240m▄\x1b[38;5;94;48;5;136m▄\x1b[38;5;136;48;5;136m▄\x1b[38;5;178;48;5;178m▄\x1b[38;5;73;48;5;108m▄\x1b[38;5;80;48;5;81m▄\x1b[38;5;73;48;5;66m▄\x1b[38;5;94;48;5;94m▄\x1b[38;5;136;48;5;136m▄\x1b[38;5;58;48;5;172m▄\x1b[38;5;240;48;5;178m▄\x1b[38;5;59;48;5;178m▄\x1b[38;5;94;48;5;172m▄\x1b[38;5;136;48;5;136m▄\x1b[38;5;66;48;5;73m▄\x1b[38;5;73;48;5;73m▄\x1b[38;5;94;48;5;3m▄\x1b[38;5;178;48;5;178m▄\x1b[38;5;107;48;5;107m▄\x1b[38;5;80;48;5;81m▄▄▄▄\x1b[38;5;74;48;5;74m▄\x1b[38;5;101;48;5;101m▄\x1b[38;5;178;48;5;178m▄\x1b[38;5;107;48;5;107m▄\x1b[38;5;80;48;5;81m▄▄▄\x1b[38;5;80;48;5;80m▄\x1b[38;5;66;48;5;66m▄\x1b[38;5;136;48;5;136m▄\x1b[38;5;178;48;5;178m▄\x1b[38;5;72;48;5;65m▄\x1b[38;5;80;48;5;73m▄▄▄\x1b[38;5;80;48;5;81m▄▄▄\x1b[38;5;80;48;5;80m▄\x1b[38;5;66;48;5;65m▄\x1b[38;5;136;48;5;172m▄\x1b[38;5;214;48;5;214m▄\x1b[38;5;72;48;5;72m▄\x1b[38;5;80;48;5;81m▄▄▄▄▄▄▄▄▄▄▄▄▄▄▄▄▄▄▄▄▄▄▄▄▄▄▄▄▄▄▄▄▄▄▄▄▄▄▄▄▄\x1b[38;5;153;48;5;81m▄\x1b[38;5;195;48;5;195m▄▄\x1b[38;5;195;48;5;153m▄\x1b[38;5;117;48;5;81m▄\x1b[38;5;81;48;5;81m▄\x1b[38;5;117;48;5;81m▄\x1b[38;5;153;48;5;117m▄\x1b[38;5;153;48;5;153m▄▄▄▄▄\x1b[38;5;195;48;5;153m▄▄\x1b[38;5;195;48;5;195m▄\x1b[38;5;195;48;5;153m▄\x1b[38;5;153;48;5;153m▄▄▄▄▄\x1b[38;5;195;48;5;195m▄▄▄▄▄\x1b[38;5;153;48;5;195m▄\x1b[38;5;195;48;5;195m▄▄\x1b[m
\x1b[38;5;195;48;5;195m▄▄▄▄\x1b[48;5;195m              \x1b[38;5;195;48;5;159m▄\x1b[38;5;153;48;5;153m▄\x1b[38;5;189;48;5;153m▄\x1b[38;5;195;48;5;153m▄▄\x1b[38;5;153;48;5;153m▄\x1b[48;5;153m \x1b[38;5;153;48;5;195m▄▄\x1b[38;5;195;48;5;195m▄▄\x1b[48;5;195m  \x1b[38;5;195;48;5;195m▄\x1b[38;5;195;48;5;153m▄\x1b[38;5;80;48;5;80m▄▄▄▄▄▄▄▄▄▄▄▄▄▄▄▄▄▄▄▄▄▄▄▄▄▄▄▄▄▄▄▄▄▄▄▄▄▄▄▄\x1b[38;5;73;48;5;73m▄\x1b[38;5;101;48;5;3m▄\x1b[38;5;178;48;5;172m▄\x1b[38;5;101;48;5;136m▄\x1b[38;5;80;48;5;80m▄▄\x1b[38;5;65;48;5;73m▄\x1b[38;5;136;48;5;136m▄\x1b[38;5;143;48;5;142m▄\x1b[38;5;80;48;5;72m▄\x1b[38;5;80;48;5;80m▄\x1b[38;5;80;48;5;73m▄\x1b[38;5;65;48;5;3m▄\x1b[38;5;172;48;5;178m▄\x1b[38;5;136;48;5;101m▄\x1b[38;5;72;48;5;73m▄\x1b[38;5;94;48;5;94m▄\x1b[38;5;178;48;5;178m▄\x1b[38;5;136;48;5;100m▄\x1b[38;5;136;48;5;107m▄▄\x1b[38;5;178;48;5;107m▄▄\x1b[38;5;107;48;5;72m▄\x1b[38;5;101;48;5;101m▄\x1b[38;5;137;48;5;178m▄\x1b[38;5;172;48;5;136m▄\x1b[38;5;172;48;5;107m▄\x1b[38;5;178;48;5;107m▄▄▄\x1b[38;5;59;48;5;65m▄\x1b[38;5;136;48;5;136m▄\x1b[38;5;178;48;5;178m▄\x1b[38;5;136;48;5;101m▄\x1b[38;5;136;48;5;107m▄▄\x1b[38;5;178;48;5;107m▄▄\x1b[38;5;73;48;5;80m▄\x1b[38;5;80;48;5;80m▄▄\x1b[38;5;72;48;5;72m▄\x1b[38;5;136;48;5;136m▄\x1b[38;5;178;48;5;178m▄\x1b[38;5;72;48;5;72m▄\x1b[38;5;80;48;5;80m▄▄▄▄▄▄▄▄▄▄▄▄▄▄▄▄▄▄▄▄▄▄▄▄▄▄▄▄▄▄▄▄▄▄▄▄▄▄▄\x1b[38;5;117;48;5;80m▄\x1b[38;5;153;48;5;117m▄\x1b[38;5;153;48;5;153m▄\x1b[38;5;195;48;5;195m▄▄▄▄▄▄▄▄\x1b[38;5;195;48;5;153m▄▄\x1b[38;5;195;48;5;195m▄▄\x1b[48;5;195m   \x1b[38;5;195;48;5;195m▄\x1b[38;5;189;48;5;159m▄\x1b[38;5;153;48;5;153m▄▄▄\x1b[48;5;153m \x1b[38;5;153;48;5;195m▄\x1b[38;5;195;48;5;195m▄▄▄▄▄\x1b[38;5;109;48;5;195m▄\x1b[38;5;59;48;5;195m▄\x1b[m
\x1b[38;5;152;48;5;195m▄\x1b[38;5;195;48;5;195m▄\x1b[48;5;195m         \x1b[38;5;195;48;5;195m▄▄▄\x1b[48;5;195m \x1b[38;5;195;48;5;195m▄\x1b[48;5;195m  \x1b[38;5;195;48;5;195m▄\x1b[38;5;195;48;5;189m▄\x1b[38;5;195;48;5;195m▄\x1b[48;5;195m  \x1b[38;5;195;48;5;195m▄\x1b[38;5;153;48;5;153m▄▄\x1b[38;5;195;48;5;189m▄▄\x1b[38;5;195;48;5;195m▄▄▄\x1b[38;5;159;48;5;195m▄\x1b[38;5;117;48;5;159m▄\x1b[38;5;80;48;5;80m▄▄▄▄▄▄\x1b[38;5;116;48;5;80m▄\x1b[38;5;80;48;5;80m▄▄▄▄▄▄▄▄▄▄▄▄▄▄▄▄▄▄▄▄▄▄▄▄▄▄▄▄▄▄▄▄▄▄\x1b[38;5;80;48;5;242m▄\x1b[38;5;80;48;5;240m▄\x1b[38;5;80;48;5;80m▄▄▄\x1b[38;5;80;48;5;73m▄\x1b[38;5;80;48;5;241m▄\x1b[38;5;80;48;5;73m▄\x1b[38;5;80;48;5;80m▄▄▄\x1b[38;5;80;48;5;72m▄\x1b[38;5;80;48;5;239m▄\x1b[38;5;80;48;5;66m▄\x1b[38;5;80;48;5;73m▄\x1b[38;5;73;48;5;239m▄\x1b[38;5;73;48;5;58m▄\x1b[38;5;73;48;5;240m▄\x1b[38;5;73;48;5;58m▄\x1b[38;5;73;48;5;3m▄\x1b[38;5;73;48;5;94m▄\x1b[38;5;73;48;5;242m▄\x1b[38;5;80;48;5;72m▄\x1b[38;5;80;48;5;65m▄\x1b[38;5;73;48;5;58m▄▄▄\x1b[38;5;73;48;5;94m▄▄\x1b[38;5;79;48;5;101m▄\x1b[38;5;80;48;5;65m▄\x1b[38;5;73;48;5;58m▄\x1b[38;5;73;48;5;94m▄\x1b[38;5;73;48;5;240m▄\x1b[38;5;73;48;5;3m▄▄\x1b[38;5;73;48;5;94m▄\x1b[38;5;80;48;5;242m▄\x1b[38;5;80;48;5;73m▄\x1b[38;5;80;48;5;80m▄▄\x1b[38;5;80;48;5;72m▄\x1b[38;5;73;48;5;58m▄\x1b[38;5;73;48;5;3m▄\x1b[38;5;80;48;5;73m▄\x1b[38;5;80;48;5;80m▄▄▄▄▄▄▄▄▄▄▄▄▄▄▄▄▄▄▄▄▄▄▄▄▄▄▄▄▄▄▄▄▄▄▄▄▄▄▄\x1b[38;5;153;48;5;153m▄▄▄\x1b[38;5;195;48;5;153m▄▄\x1b[38;5;153;48;5;153m▄\x1b[38;5;159;48;5;195m▄\x1b[38;5;195;48;5;195m▄▄\x1b[48;5;195m         \x1b[38;5;195;48;5;195m▄\x1b[38;5;195;48;5;153m▄\x1b[38;5;153;48;5;153m▄▄▄▄\x1b[38;5;195;48;5;195m▄▄\x1b[38;5;195;48;5;153m▄\x1b[38;5;153;48;5;195m▄\x1b[38;5;109;48;5;195m▄\x1b[38;5;238;48;5;254m▄\x1b[38;5;232;48;5;8m▄\x1b[38;5;0;48;5;233m▄\x1b[m
\x1b[38;5;232;48;5;59m▄\x1b[38;5;238;48;5;249m▄\x1b[38;5;146;48;5;152m▄\x1b[38;5;195;48;5;195m▄\x1b[48;5;195m       \x1b[38;5;195;48;5;195m▄\x1b[38;5;195;48;5;189m▄\x1b[38;5;153;48;5;195m▄▄\x1b[38;5;189;48;5;195m▄\x1b[38;5;195;48;5;195m▄\x1b[48;5;195m      \x1b[38;5;153;48;5;195m▄\x1b[48;5;153m \x1b[38;5;153;48;5;153m▄\x1b[38;5;189;48;5;195m▄\x1b[38;5;153;48;5;195m▄\x1b[38;5;195;48;5;195m▄\x1b[48;5;195m \x1b[38;5;195;48;5;195m▄\x1b[38;5;195;48;5;159m▄\x1b[38;5;159;48;5;117m▄\x1b[38;5;123;48;5;122m▄\x1b[38;5;159;48;5;122m▄\x1b[38;5;159;48;5;123m▄\x1b[38;5;159;48;5;122m▄\x1b[38;5;159;48;5;123m▄\x1b[38;5;195;48;5;159m▄\x1b[38;5;195;48;5;195m▄\x1b[38;5;195;48;5;159m▄\x1b[38;5;123;48;5;122m▄\x1b[38;5;86;48;5;86m▄▄▄▄▄▄\x1b[38;5;122;48;5;86m▄\x1b[38;5;86;48;5;86m▄▄▄▄▄▄▄▄▄▄▄▄▄▄▄▄▄▄▄▄▄▄▄▄▄▄▄▄▄▄▄▄▄▄▄▄▄▄▄▄▄▄▄▄▄▄▄▄▄▄▄▄▄▄▄▄▄▄▄▄▄▄▄▄▄▄▄▄▄▄▄▄▄▄▄▄▄▄▄▄▄▄▄▄▄▄▄▄▄▄▄▄▄▄▄▄▄▄▄▄▄▄▄▄▄▄▄▄\x1b[38;5;153;48;5;117m▄\x1b[38;5;153;48;5;153m▄▄▄\x1b[38;5;159;48;5;195m▄\x1b[38;5;195;48;5;195m▄▄\x1b[38;5;195;48;5;159m▄\x1b[38;5;195;48;5;195m▄▄\x1b[48;5;195m           \x1b[38;5;195;48;5;195m▄\x1b[38;5;195;48;5;153m▄\x1b[38;5;153;48;5;153m▄▄▄\x1b[38;5;153;48;5;195m▄\x1b[38;5;195;48;5;195m▄\x1b[38;5;109;48;5;189m▄\x1b[38;5;232;48;5;240m▄\x1b[38;5;232;48;5;235m▄\x1b[38;5;0;48;5;232m▄\x1b[38;5;232;48;5;0m▄\x1b[m
\x1b[38;5;232;48;5;233m▄\x1b[38;5;233;48;5;235m▄\x1b[38;5;239;48;5;66m▄\x1b[38;5;253;48;5;189m▄\x1b[38;5;152;48;5;254m▄\x1b[38;5;236;48;5;66m▄\x1b[38;5;103;48;5;152m▄\x1b[38;5;246;48;5;249m▄\x1b[38;5;236;48;5;238m▄\x1b[38;5;234;48;5;109m▄\x1b[38;5;235;48;5;109m▄\x1b[38;5;66;48;5;109m▄\x1b[38;5;195;48;5;195m▄▄\x1b[38;5;153;48;5;153m▄\x1b[38;5;195;48;5;153m▄\x1b[38;5;195;48;5;195m▄\x1b[38;5;153;48;5;195m▄\x1b[38;5;195;48;5;195m▄▄\x1b[48;5;195m   \x1b[38;5;195;48;5;195m▄▄▄\x1b[38;5;195;48;5;153m▄\x1b[38;5;195;48;5;195m▄▄▄\x1b[48;5;195m  \x1b[38;5;159;48;5;159m▄\x1b[38;5;159;48;5;123m▄\x1b[38;5;159;48;5;159m▄▄\x1b[38;5;195;48;5;195m▄▄\x1b[48;5;195m   \x1b[38;5;195;48;5;159m▄\x1b[38;5;159;48;5;122m▄\x1b[38;5;122;48;5;86m▄\x1b[38;5;86;48;5;86m▄\x1b[38;5;122;48;5;86m▄\x1b[38;5;122;48;5;122m▄\x1b[38;5;159;48;5;159m▄\x1b[38;5;195;48;5;195m▄\x1b[38;5;195;48;5;123m▄\x1b[38;5;122;48;5;86m▄▄\x1b[38;5;86;48;5;86m▄▄▄▄▄▄▄▄▄▄▄▄▄▄▄▄▄▄▄▄▄▄▄▄▄▄▄▄▄▄▄▄▄▄▄▄▄▄▄▄▄▄▄▄▄▄▄▄▄▄▄▄▄▄▄▄▄▄▄▄▄▄▄▄▄▄▄▄▄▄▄▄▄▄▄▄▄▄▄▄▄▄▄▄▄▄▄▄▄▄▄▄▄▄▄▄▄▄\x1b[38;5;122;48;5;86m▄▄▄▄▄▄▄\x1b[38;5;159;48;5;159m▄\x1b[38;5;153;48;5;153m▄▄▄\x1b[38;5;159;48;5;159m▄\x1b[38;5;195;48;5;195m▄▄▄\x1b[48;5;195m              \x1b[38;5;195;48;5;195m▄\x1b[38;5;195;48;5;153m▄\x1b[38;5;153;48;5;153m▄▄\x1b[38;5;195;48;5;153m▄▄\x1b[38;5;153;48;5;153m▄\x1b[38;5;237;48;5;240m▄\x1b[38;5;0;48;5;0m▄\x1b[38;5;0;48;5;232m▄\x1b[38;5;232;48;5;232m▄\x1b[m
\x1b[38;5;232;48;5;233m▄▄\x1b[38;5;238;48;5;235m▄\x1b[38;5;109;48;5;152m▄\x1b[38;5;152;48;5;189m▄\x1b[38;5;236;48;5;242m▄\x1b[38;5;237;48;5;248m▄\x1b[38;5;235;48;5;238m▄\x1b[38;5;245;48;5;239m▄\x1b[38;5;240;48;5;59m▄\x1b[38;5;237;48;5;66m▄\x1b[38;5;237;48;5;59m▄\x1b[38;5;109;48;5;243m▄\x1b[38;5;153;48;5;146m▄\x1b[38;5;153;48;5;153m▄\x1b[38;5;153;48;5;195m▄\x1b[38;5;195;48;5;195m▄\x1b[48;5;195m \x1b[38;5;153;48;5;195m▄\x1b[38;5;189;48;5;195m▄\x1b[38;5;195;48;5;195m▄▄▄▄▄\x1b[48;5;195m       \x1b[38;5;159;48;5;159m▄▄▄\x1b[38;5;153;48;5;195m▄\x1b[38;5;195;48;5;195m▄▄\x1b[48;5;195m    \x1b[38;5;195;48;5;195m▄\x1b[38;5;195;48;5;122m▄\x1b[38;5;159;48;5;122m▄\x1b[38;5;159;48;5;159m▄▄\x1b[38;5;195;48;5;159m▄\x1b[38;5;195;48;5;195m▄\x1b[48;5;195m \x1b[38;5;195;48;5;195m▄\x1b[38;5;159;48;5;122m▄\x1b[38;5;122;48;5;122m▄▄▄▄▄▄▄▄▄▄▄▄▄▄▄▄▄▄▄▄▄▄▄▄▄▄▄▄▄▄▄▄▄▄▄▄▄▄▄▄▄▄▄▄▄▄▄▄▄▄▄▄▄▄▄▄▄▄▄▄▄▄▄▄▄▄▄▄▄▄▄▄▄▄▄▄▄▄▄▄▄▄▄▄▄▄▄▄▄▄▄▄▄▄▄▄▄\x1b[38;5;159;48;5;122m▄\x1b[38;5;195;48;5;159m▄\x1b[38;5;195;48;5;195m▄\x1b[38;5;195;48;5;159m▄▄\x1b[38;5;195;48;5;195m▄\x1b[38;5;195;48;5;159m▄\x1b[38;5;159;48;5;159m▄▄\x1b[38;5;159;48;5;153m▄▄▄\x1b[48;5;159m \x1b[38;5;159;48;5;159m▄\x1b[48;5;159m \x1b[38;5;195;48;5;195m▄\x1b[48;5;195m          \x1b[38;5;195;48;5;195m▄\x1b[48;5;195m   \x1b[38;5;195;48;5;195m▄▄▄▄▄▄\x1b[38;5;254;48;5;153m▄\x1b[38;5;243;48;5;235m▄\x1b[48;5;232m \x1b[38;5;0;48;5;0m▄\x1b[38;5;232;48;5;232m▄\x1b[m
\x1b[38;5;233;48;5;234m▄\x1b[38;5;233;48;5;233m▄\x1b[38;5;232;48;5;233m▄\x1b[38;5;233;48;5;232m▄\x1b[38;5;245;48;5;103m▄\x1b[38;5;66;48;5;241m▄\x1b[38;5;235;48;5;240m▄\x1b[38;5;234;48;5;235m▄\x1b[38;5;238;48;5;234m▄\x1b[38;5;59;48;5;240m▄\x1b[38;5;246;48;5;236m▄\x1b[38;5;146;48;5;248m▄\x1b[38;5;66;48;5;153m▄\x1b[38;5;110;48;5;189m▄\x1b[38;5;195;48;5;153m▄\x1b[38;5;66;48;5;67m▄\x1b[38;5;237;48;5;110m▄\x1b[38;5;240;48;5;152m▄\x1b[38;5;239;48;5;152m▄\x1b[38;5;153;48;5;153m▄\x1b[38;5;195;48;5;195m▄▄▄▄▄▄\x1b[48;5;195m     \x1b[38;5;195;48;5;195m▄▄\x1b[38;5;195;48;5;159m▄\x1b[38;5;195;48;5;153m▄▄\x1b[38;5;195;48;5;195m▄▄\x1b[48;5;195m      \x1b[38;5;195;48;5;195m▄▄▄▄\x1b[48;5;195m    \x1b[38;5;195;48;5;195m▄\x1b[38;5;159;48;5;122m▄\x1b[38;5;122;48;5;122m▄▄▄▄▄▄▄▄▄▄▄▄▄▄▄▄▄▄▄▄▄▄▄▄▄▄▄▄▄▄▄▄▄▄▄▄▄▄▄▄▄▄▄▄▄▄▄▄▄▄▄▄▄▄▄▄▄▄▄▄▄▄▄▄▄▄▄▄▄▄▄▄▄▄▄▄▄▄▄▄▄▄▄▄▄▄▄▄▄▄▄▄▄▄▄\x1b[38;5;158;48;5;159m▄\x1b[38;5;195;48;5;195m▄\x1b[48;5;195m    \x1b[38;5;195;48;5;195m▄\x1b[38;5;195;48;5;159m▄\x1b[38;5;159;48;5;159m▄▄▄▄▄▄\x1b[38;5;195;48;5;195m▄▄\x1b[48;5;195m                  \x1b[38;5;103;48;5;195m▄\x1b[38;5;250;48;5;195m▄\x1b[38;5;152;48;5;249m▄\x1b[38;5;236;48;5;237m▄\x1b[38;5;232;48;5;0m▄\x1b[38;5;232;48;5;232m▄▄\x1b[m
\x1b[38;5;233;48;5;234m▄\x1b[38;5;232;48;5;233m▄▄\x1b[38;5;0;48;5;234m▄\x1b[38;5;235;48;5;109m▄\x1b[38;5;195;48;5;249m▄\x1b[38;5;8;48;5;243m▄\x1b[38;5;235;48;5;235m▄\x1b[38;5;102;48;5;109m▄\x1b[38;5;152;48;5;238m▄\x1b[38;5;189;48;5;103m▄\x1b[38;5;189;48;5;189m▄\x1b[38;5;245;48;5;235m▄\x1b[38;5;238;48;5;66m▄\x1b[38;5;239;48;5;66m▄\x1b[38;5;7;48;5;146m▄\x1b[38;5;239;48;5;236m▄\x1b[38;5;248;48;5;235m▄\x1b[38;5;250;48;5;66m▄\x1b[38;5;195;48;5;195m▄▄▄▄▄▄\x1b[48;5;195m \x1b[38;5;195;48;5;195m▄▄▄▄\x1b[38;5;189;48;5;195m▄▄\x1b[38;5;195;48;5;195m▄▄▄▄▄\x1b[48;5;195m \x1b[38;5;195;48;5;195m▄▄\x1b[48;5;195m            \x1b[38;5;158;48;5;195m▄\x1b[38;5;158;48;5;158m▄▄▄▄▄▄▄▄▄▄▄▄▄▄▄▄▄▄▄▄▄▄▄▄▄▄▄▄▄▄▄▄▄▄▄▄▄▄▄▄▄▄▄▄▄▄▄▄▄▄▄▄▄▄▄▄▄▄▄▄▄▄▄▄▄▄▄▄▄▄▄▄▄▄▄▄▄▄▄▄▄▄▄▄▄▄▄▄▄▄▄▄▄▄▄▄▄\x1b[38;5;159;48;5;195m▄\x1b[38;5;195;48;5;195m▄▄▄▄▄▄▄▄\x1b[38;5;195;48;5;159m▄▄▄▄\x1b[38;5;195;48;5;195m▄\x1b[48;5;195m                   \x1b[38;5;8;48;5;237m▄\x1b[38;5;245;48;5;242m▄\x1b[38;5;59;48;5;66m▄\x1b[38;5;235;48;5;235m▄\x1b[38;5;234;48;5;233m▄\x1b[38;5;232;48;5;234m▄\x1b[38;5;232;48;5;233m▄\x1b[m
\x1b[38;5;234;48;5;233m▄\x1b[38;5;233;48;5;233m▄\x1b[38;5;232;48;5;233m▄\x1b[48;5;0m \x1b[38;5;233;48;5;238m▄\x1b[38;5;234;48;5;109m▄\x1b[38;5;234;48;5;239m▄\x1b[38;5;232;48;5;233m▄\x1b[38;5;233;48;5;233m▄\x1b[38;5;233;48;5;240m▄\x1b[38;5;60;48;5;103m▄\x1b[38;5;152;48;5;189m▄\x1b[38;5;239;48;5;243m▄\x1b[38;5;245;48;5;236m▄\x1b[38;5;240;48;5;238m▄\x1b[38;5;235;48;5;239m▄\x1b[38;5;238;48;5;236m▄\x1b[38;5;246;48;5;241m▄\x1b[38;5;8;48;5;250m▄\x1b[38;5;237;48;5;109m▄\x1b[38;5;66;48;5;146m▄\x1b[38;5;152;48;5;189m▄\x1b[38;5;195;48;5;195m▄\x1b[38;5;189;48;5;195m▄▄▄▄\x1b[38;5;152;48;5;189m▄\x1b[38;5;73;48;5;153m▄\x1b[38;5;73;48;5;152m▄\x1b[38;5;36;48;5;74m▄\x1b[38;5;36;48;5;73m▄\x1b[38;5;78;48;5;79m▄\x1b[38;5;78;48;5;158m▄\x1b[38;5;115;48;5;195m▄\x1b[38;5;255;48;5;195m▄\x1b[48;5;195m  \x1b[38;5;195;48;5;195m▄\x1b[38;5;189;48;5;195m▄\x1b[38;5;153;48;5;195m▄\x1b[38;5;255;48;5;195m▄\x1b[38;5;195;48;5;195m▄▄\x1b[48;5;195m   \x1b[38;5;195;48;5;195m▄\x1b[38;5;152;48;5;195m▄\x1b[38;5;110;48;5;189m▄\x1b[38;5;110;48;5;152m▄\x1b[38;5;110;48;5;189m▄\x1b[38;5;158;48;5;194m▄\x1b[38;5;194;48;5;158m▄▄▄▄▄▄▄▄▄▄▄▄\x1b[38;5;152;48;5;158m▄\x1b[38;5;73;48;5;158m▄\x1b[38;5;73;48;5;152m▄\x1b[38;5;36;48;5;79m▄\x1b[38;5;36;48;5;73m▄\x1b[38;5;78;48;5;115m▄\x1b[38;5;121;48;5;158m▄\x1b[38;5;194;48;5;158m▄▄▄▄▄▄▄▄\x1b[38;5;158;48;5;158m▄\x1b[38;5;115;48;5;158m▄\x1b[38;5;79;48;5;158m▄\x1b[38;5;157;48;5;158m▄\x1b[38;5;194;48;5;158m▄▄▄▄▄\x1b[38;5;158;48;5;158m▄\x1b[38;5;73;48;5;158m▄\x1b[38;5;73;48;5;152m▄\x1b[38;5;36;48;5;115m▄\x1b[38;5;36;48;5;73m▄\x1b[38;5;78;48;5;78m▄\x1b[38;5;78;48;5;121m▄\x1b[38;5;78;48;5;158m▄\x1b[38;5;157;48;5;158m▄\x1b[38;5;194;48;5;158m▄▄▄▄\x1b[38;5;158;48;5;158m▄▄\x1b[38;5;194;48;5;158m▄▄▄▄▄▄▄▄▄▄▄▄▄▄▄▄▄▄▄▄▄▄▄\x1b[38;5;158;48;5;158m▄\x1b[38;5;115;48;5;158m▄\x1b[38;5;73;48;5;158m▄\x1b[38;5;36;48;5;115m▄\x1b[38;5;36;48;5;73m▄\x1b[38;5;78;48;5;79m▄\x1b[38;5;121;48;5;158m▄\x1b[38;5;158;48;5;158m▄\x1b[38;5;194;48;5;158m▄▄▄▄▄▄▄▄\x1b[38;5;152;48;5;158m▄\x1b[38;5;79;48;5;158m▄\x1b[38;5;121;48;5;158m▄\x1b[38;5;158;48;5;158m▄\x1b[38;5;194;48;5;158m▄▄▄▄\x1b[38;5;152;48;5;255m▄\x1b[38;5;116;48;5;159m▄\x1b[38;5;73;48;5;152m▄\x1b[38;5;36;48;5;116m▄\x1b[38;5;36;48;5;73m▄\x1b[38;5;78;48;5;78m▄\x1b[38;5;78;48;5;115m▄\x1b[38;5;78;48;5;158m▄\x1b[38;5;158;48;5;195m▄\x1b[48;5;195m    \x1b[38;5;195;48;5;195m▄\x1b[38;5;153;48;5;195m▄\x1b[38;5;195;48;5;195m▄\x1b[48;5;195m               \x1b[38;5;254;48;5;195m▄\x1b[38;5;242;48;5;242m▄\x1b[38;5;240;48;5;238m▄\x1b[38;5;236;48;5;239m▄\x1b[38;5;236;48;5;238m▄\x1b[38;5;239;48;5;240m▄\x1b[38;5;237;48;5;233m▄\x1b[38;5;233;48;5;233m▄\x1b[m
\x1b[38;5;233;48;5;232m▄▄\x1b[38;5;232;48;5;232m▄\x1b[38;5;233;48;5;232m▄\x1b[38;5;233;48;5;234m▄\x1b[38;5;232;48;5;233m▄\x1b[38;5;233;48;5;234m▄\x1b[38;5;232;48;5;232m▄\x1b[38;5;233;48;5;233m▄\x1b[38;5;232;48;5;233m▄\x1b[38;5;235;48;5;236m▄\x1b[38;5;65;48;5;146m▄\x1b[38;5;246;48;5;103m▄\x1b[38;5;238;48;5;238m▄\x1b[38;5;235;48;5;235m▄\x1b[38;5;234;48;5;235m▄\x1b[38;5;237;48;5;247m▄\x1b[38;5;234;48;5;59m▄\x1b[38;5;235;48;5;235m▄\x1b[38;5;235;48;5;234m▄\x1b[38;5;23;48;5;29m▄\x1b[38;5;36;48;5;78m▄\x1b[38;5;36;48;5;152m▄\x1b[38;5;72;48;5;189m▄\x1b[38;5;66;48;5;153m▄\x1b[38;5;6;48;5;152m▄\x1b[38;5;6;48;5;73m▄\x1b[38;5;30;48;5;66m▄\x1b[38;5;36;48;5;30m▄\x1b[38;5;36;48;5;36m▄▄▄\x1b[38;5;36;48;5;42m▄▄\x1b[38;5;36;48;5;36m▄\x1b[38;5;36;48;5;79m▄\x1b[38;5;36;48;5;116m▄\x1b[38;5;36;48;5;153m▄\x1b[38;5;30;48;5;152m▄\x1b[38;5;30;48;5;73m▄\x1b[38;5;36;48;5;73m▄▄\x1b[38;5;79;48;5;152m▄\x1b[38;5;195;48;5;195m▄▄\x1b[38;5;189;48;5;195m▄\x1b[38;5;110;48;5;195m▄\x1b[38;5;67;48;5;152m▄\x1b[38;5;67;48;5;73m▄\x1b[38;5;73;48;5;73m▄\x1b[48;5;74m \x1b[38;5;74;48;5;74m▄\x1b[38;5;74;48;5;110m▄\x1b[38;5;74;48;5;116m▄\x1b[38;5;74;48;5;152m▄\x1b[38;5;109;48;5;194m▄\x1b[38;5;152;48;5;194m▄\x1b[38;5;194;48;5;194m▄▄▄▄\x1b[38;5;152;48;5;194m▄\x1b[38;5;73;48;5;194m▄\x1b[38;5;30;48;5;158m▄\x1b[38;5;30;48;5;73m▄\x1b[38;5;30;48;5;66m▄\x1b[38;5;36;48;5;30m▄\x1b[38;5;36;48;5;36m▄\x1b[38;5;78;48;5;42m▄\x1b[38;5;42;48;5;36m▄\x1b[38;5;42;48;5;78m▄\x1b[38;5;78;48;5;84m▄\x1b[38;5;84;48;5;157m▄\x1b[38;5;78;48;5;194m▄\x1b[38;5;157;48;5;194m▄\x1b[38;5;158;48;5;194m▄\x1b[38;5;152;48;5;194m▄▄\x1b[38;5;73;48;5;194m▄\x1b[38;5;66;48;5;194m▄\x1b[38;5;30;48;5;73m▄\x1b[38;5;30;48;5;36m▄\x1b[38;5;36;48;5;36m▄\x1b[38;5;36;48;5;78m▄\x1b[38;5;78;48;5;121m▄\x1b[38;5;78;48;5;194m▄\x1b[38;5;73;48;5;194m▄\x1b[38;5;30;48;5;158m▄\x1b[38;5;30;48;5;115m▄\x1b[38;5;30;48;5;67m▄\x1b[38;5;36;48;5;30m▄\x1b[38;5;42;48;5;36m▄▄▄\x1b[38;5;36;48;5;42m▄\x1b[38;5;42;48;5;78m▄\x1b[38;5;36;48;5;42m▄\x1b[38;5;36;48;5;78m▄\x1b[38;5;36;48;5;115m▄\x1b[38;5;36;48;5;158m▄\x1b[38;5;36;48;5;152m▄\x1b[38;5;36;48;5;115m▄\x1b[38;5;36;48;5;73m▄\x1b[38;5;42;48;5;73m▄\x1b[38;5;78;48;5;115m▄\x1b[38;5;194;48;5;194m▄▄▄▄▄▄▄▄▄▄▄\x1b[38;5;152;48;5;194m▄\x1b[38;5;109;48;5;194m▄\x1b[38;5;73;48;5;194m▄\x1b[38;5;116;48;5;194m▄\x1b[38;5;194;48;5;194m▄▄▄\x1b[38;5;152;48;5;194m▄\x1b[38;5;73;48;5;194m▄\x1b[38;5;30;48;5;158m▄\x1b[38;5;30;48;5;115m▄\x1b[38;5;30;48;5;73m▄\x1b[38;5;36;48;5;30m▄\x1b[38;5;36;48;5;36m▄\x1b[38;5;42;48;5;36m▄\x1b[38;5;78;48;5;36m▄\x1b[38;5;42;48;5;78m▄\x1b[38;5;78;48;5;78m▄\x1b[38;5;84;48;5;121m▄\x1b[38;5;84;48;5;194m▄\x1b[38;5;121;48;5;194m▄\x1b[38;5;158;48;5;194m▄\x1b[38;5;152;48;5;194m▄▄\x1b[38;5;115;48;5;194m▄\x1b[38;5;73;48;5;194m▄\x1b[38;5;30;48;5;115m▄\x1b[38;5;30;48;5;73m▄\x1b[38;5;36;48;5;36m▄\x1b[38;5;36;48;5;78m▄\x1b[38;5;42;48;5;121m▄\x1b[38;5;78;48;5;194m▄\x1b[38;5;73;48;5;194m▄\x1b[38;5;66;48;5;194m▄\x1b[38;5;30;48;5;115m▄\x1b[38;5;30;48;5;73m▄\x1b[38;5;36;48;5;30m▄\x1b[38;5;42;48;5;36m▄▄\x1b[38;5;42;48;5;42m▄\x1b[38;5;36;48;5;36m▄\x1b[38;5;36;48;5;78m▄\x1b[38;5;36;48;5;42m▄\x1b[38;5;36;48;5;78m▄\x1b[38;5;36;48;5;79m▄\x1b[38;5;36;48;5;152m▄▄\x1b[38;5;36;48;5;116m▄\x1b[38;5;36;48;5;73m▄▄\x1b[38;5;78;48;5;116m▄\x1b[38;5;195;48;5;195m▄\x1b[38;5;189;48;5;195m▄\x1b[38;5;66;48;5;195m▄\x1b[38;5;109;48;5;195m▄▄▄\x1b[38;5;253;48;5;195m▄\x1b[48;5;195m   \x1b[38;5;254;48;5;195m▄\x1b[38;5;152;48;5;195m▄\x1b[38;5;249;48;5;195m▄\x1b[38;5;102;48;5;195m▄\x1b[38;5;241;48;5;195m▄\x1b[38;5;73;48;5;195m▄\x1b[38;5;59;48;5;109m▄\x1b[38;5;239;48;5;236m▄\x1b[38;5;236;48;5;234m▄\x1b[38;5;242;48;5;236m▄\x1b[38;5;234;48;5;237m▄\x1b[38;5;233;48;5;239m▄\x1b[38;5;232;48;5;232m▄\x1b[m
\x1b[38;5;232;48;5;0m▄\x1b[38;5;232;48;5;232m▄▄\x1b[38;5;233;48;5;233m▄\x1b[38;5;233;48;5;232m▄\x1b[48;5;233m \x1b[38;5;233;48;5;233m▄\x1b[38;5;232;48;5;232m▄\x1b[38;5;234;48;5;232m▄\x1b[38;5;233;48;5;233m▄▄\x1b[38;5;232;48;5;234m▄\x1b[38;5;236;48;5;236m▄\x1b[38;5;237;48;5;234m▄\x1b[38;5;23;48;5;234m▄\x1b[38;5;235;48;5;234m▄\x1b[38;5;237;48;5;234m▄\x1b[38;5;23;48;5;235m▄\x1b[38;5;23;48;5;23m▄\x1b[38;5;36;48;5;23m▄▄\x1b[38;5;30;48;5;6m▄\x1b[38;5;6;48;5;30m▄▄\x1b[38;5;6;48;5;6m▄▄▄\x1b[38;5;30;48;5;30m▄\x1b[38;5;30;48;5;36m▄▄▄▄\x1b[38;5;6;48;5;30m▄▄▄\x1b[38;5;30;48;5;30m▄\x1b[38;5;36;48;5;30m▄▄▄\x1b[38;5;36;48;5;36m▄▄▄\x1b[38;5;36;48;5;72m▄\x1b[38;5;72;48;5;152m▄\x1b[38;5;73;48;5;152m▄\x1b[38;5;67;48;5;109m▄\x1b[38;5;67;48;5;67m▄▄▄\x1b[38;5;67;48;5;73m▄\x1b[38;5;73;48;5;74m▄\x1b[38;5;74;48;5;74m▄▄\x1b[38;5;73;48;5;74m▄▄\x1b[38;5;74;48;5;74m▄\x1b[38;5;73;48;5;74m▄\x1b[38;5;67;48;5;110m▄\x1b[38;5;6;48;5;115m▄▄\x1b[38;5;6;48;5;73m▄\x1b[38;5;6;48;5;30m▄\x1b[38;5;6;48;5;6m▄\x1b[38;5;30;48;5;30m▄▄\x1b[38;5;36;48;5;36m▄▄▄\x1b[38;5;36;48;5;78m▄\x1b[38;5;78;48;5;78m▄\x1b[38;5;78;48;5;36m▄\x1b[38;5;36;48;5;78m▄\x1b[38;5;78;48;5;78m▄▄\x1b[38;5;42;48;5;42m▄\x1b[38;5;77;48;5;36m▄\x1b[38;5;78;48;5;36m▄\x1b[38;5;36;48;5;30m▄\x1b[38;5;30;48;5;30m▄\x1b[38;5;30;48;5;6m▄▄\x1b[38;5;36;48;5;30m▄\x1b[38;5;72;48;5;30m▄\x1b[38;5;30;48;5;30m▄▄\x1b[38;5;6;48;5;30m▄▄\x1b[38;5;6;48;5;6m▄\x1b[38;5;6;48;5;30m▄\x1b[38;5;30;48;5;36m▄▄\x1b[38;5;36;48;5;36m▄\x1b[38;5;30;48;5;36m▄▄▄\x1b[38;5;30;48;5;30m▄\x1b[38;5;30;48;5;36m▄▄\x1b[38;5;36;48;5;36m▄▄▄▄\x1b[38;5;42;48;5;36m▄▄\x1b[38;5;36;48;5;78m▄\x1b[38;5;78;48;5;121m▄\x1b[38;5;78;48;5;194m▄\x1b[38;5;67;48;5;152m▄\x1b[38;5;67;48;5;251m▄\x1b[38;5;67;48;5;73m▄\x1b[38;5;74;48;5;110m▄\x1b[38;5;73;48;5;152m▄\x1b[38;5;109;48;5;252m▄\x1b[38;5;109;48;5;194m▄▄\x1b[38;5;67;48;5;251m▄\x1b[38;5;67;48;5;109m▄\x1b[38;5;67;48;5;67m▄\x1b[38;5;73;48;5;74m▄\x1b[38;5;67;48;5;73m▄\x1b[38;5;67;48;5;109m▄\x1b[38;5;30;48;5;115m▄\x1b[38;5;30;48;5;73m▄\x1b[38;5;30;48;5;67m▄\x1b[38;5;30;48;5;30m▄▄\x1b[38;5;30;48;5;36m▄\x1b[38;5;36;48;5;36m▄\x1b[38;5;42;48;5;36m▄\x1b[38;5;36;48;5;36m▄\x1b[38;5;36;48;5;78m▄\x1b[38;5;78;48;5;78m▄\x1b[38;5;78;48;5;42m▄\x1b[38;5;42;48;5;42m▄\x1b[38;5;78;48;5;78m▄▄\x1b[38;5;42;48;5;78m▄\x1b[38;5;78;48;5;42m▄\x1b[38;5;78;48;5;36m▄\x1b[38;5;42;48;5;30m▄\x1b[38;5;36;48;5;30m▄\x1b[38;5;30;48;5;30m▄▄\x1b[38;5;36;48;5;30m▄\x1b[38;5;78;48;5;36m▄\x1b[38;5;72;48;5;36m▄\x1b[38;5;30;48;5;36m▄\x1b[38;5;30;48;5;30m▄▄\x1b[48;5;30m  \x1b[38;5;30;48;5;36m▄\x1b[38;5;36;48;5;36m▄\x1b[38;5;36;48;5;42m▄▄\x1b[38;5;36;48;5;36m▄\x1b[38;5;30;48;5;36m▄▄▄\x1b[38;5;36;48;5;36m▄▄▄▄▄\x1b[38;5;42;48;5;36m▄▄\x1b[38;5;42;48;5;42m▄\x1b[38;5;78;48;5;115m▄\x1b[38;5;79;48;5;152m▄\x1b[38;5;66;48;5;240m▄\x1b[38;5;234;48;5;235m▄\x1b[38;5;236;48;5;235m▄\x1b[38;5;146;48;5;241m▄\x1b[38;5;195;48;5;253m▄\x1b[48;5;195m \x1b[38;5;152;48;5;195m▄\x1b[38;5;60;48;5;195m▄\x1b[38;5;236;48;5;246m▄\x1b[38;5;232;48;5;234m▄\x1b[38;5;233;48;5;234m▄\x1b[38;5;233;48;5;236m▄\x1b[38;5;232;48;5;233m▄\x1b[38;5;232;48;5;234m▄\x1b[38;5;233;48;5;234m▄\x1b[38;5;233;48;5;235m▄▄\x1b[38;5;233;48;5;234m▄\x1b[38;5;232;48;5;232m▄\x1b[38;5;232;48;5;234m▄\x1b[38;5;232;48;5;232m▄\x1b[m
\x1b[38;5;232;48;5;232m▄▄\x1b[38;5;233;48;5;232m▄▄▄\x1b[38;5;232;48;5;232m▄\x1b[38;5;233;48;5;0m▄\x1b[38;5;233;48;5;233m▄\x1b[38;5;232;48;5;232m▄\x1b[38;5;232;48;5;233m▄\x1b[38;5;233;48;5;232m▄\x1b[38;5;232;48;5;0m▄\x1b[38;5;237;48;5;236m▄\x1b[38;5;29;48;5;23m▄\x1b[38;5;29;48;5;29m▄\x1b[38;5;35;48;5;65m▄\x1b[38;5;29;48;5;23m▄\x1b[38;5;35;48;5;6m▄\x1b[38;5;36;48;5;30m▄\x1b[38;5;36;48;5;36m▄\x1b[38;5;71;48;5;71m▄\x1b[38;5;72;48;5;36m▄\x1b[38;5;6;48;5;6m▄\x1b[38;5;6;48;5;24m▄\x1b[38;5;24;48;5;24m▄▄▄▄\x1b[38;5;24;48;5;6m▄▄▄▄\x1b[38;5;24;48;5;24m▄▄\x1b[38;5;6;48;5;6m▄\x1b[38;5;30;48;5;36m▄▄\x1b[38;5;36;48;5;35m▄\x1b[38;5;35;48;5;36m▄\x1b[38;5;36;48;5;36m▄▄\x1b[38;5;36;48;5;71m▄\x1b[38;5;36;48;5;36m▄▄▄\x1b[38;5;36;48;5;67m▄\x1b[38;5;30;48;5;67m▄▄\x1b[38;5;30;48;5;66m▄\x1b[38;5;36;48;5;72m▄\x1b[38;5;72;48;5;67m▄\x1b[38;5;67;48;5;73m▄\x1b[38;5;66;48;5;74m▄\x1b[38;5;6;48;5;74m▄\x1b[38;5;24;48;5;67m▄\x1b[38;5;24;48;5;66m▄\x1b[38;5;24;48;5;6m▄▄▄▄\x1b[38;5;6;48;5;6m▄▄▄\x1b[38;5;6;48;5;30m▄▄\x1b[38;5;30;48;5;36m▄\x1b[38;5;36;48;5;36m▄\x1b[38;5;35;48;5;36m▄\x1b[38;5;36;48;5;36m▄▄\x1b[38;5;36;48;5;78m▄\x1b[38;5;77;48;5;36m▄\x1b[38;5;78;48;5;36m▄\x1b[38;5;36;48;5;36m▄\x1b[38;5;36;48;5;42m▄\x1b[38;5;36;48;5;36m▄\x1b[38;5;36;48;5;42m▄\x1b[38;5;72;48;5;41m▄\x1b[38;5;78;48;5;36m▄▄\x1b[38;5;36;48;5;36m▄▄\x1b[38;5;78;48;5;78m▄▄\x1b[38;5;36;48;5;30m▄\x1b[38;5;30;48;5;6m▄\x1b[38;5;6;48;5;6m▄▄▄▄▄▄▄▄▄▄\x1b[38;5;6;48;5;30m▄\x1b[38;5;30;48;5;36m▄\x1b[38;5;36;48;5;36m▄\x1b[38;5;36;48;5;41m▄\x1b[38;5;36;48;5;42m▄\x1b[38;5;36;48;5;36m▄\x1b[38;5;36;48;5;42m▄▄\x1b[38;5;36;48;5;36m▄\x1b[38;5;36;48;5;78m▄\x1b[38;5;36;48;5;42m▄\x1b[38;5;36;48;5;72m▄\x1b[38;5;36;48;5;67m▄\x1b[38;5;30;48;5;67m▄▄\x1b[38;5;36;48;5;73m▄\x1b[38;5;72;48;5;67m▄\x1b[38;5;67;48;5;67m▄\x1b[38;5;66;48;5;67m▄\x1b[38;5;6;48;5;67m▄▄▄\x1b[38;5;6;48;5;6m▄▄▄▄▄▄▄\x1b[38;5;6;48;5;30m▄\x1b[38;5;30;48;5;30m▄\x1b[38;5;30;48;5;36m▄\x1b[38;5;36;48;5;42m▄\x1b[38;5;41;48;5;42m▄\x1b[38;5;42;48;5;36m▄\x1b[38;5;36;48;5;36m▄\x1b[38;5;36;48;5;78m▄\x1b[38;5;77;48;5;78m▄\x1b[38;5;78;48;5;42m▄\x1b[38;5;42;48;5;42m▄\x1b[38;5;42;48;5;78m▄\x1b[38;5;42;48;5;42m▄\x1b[38;5;36;48;5;42m▄\x1b[38;5;78;48;5;78m▄▄\x1b[38;5;78;48;5;36m▄\x1b[38;5;42;48;5;36m▄\x1b[38;5;36;48;5;36m▄\x1b[38;5;42;48;5;77m▄\x1b[38;5;78;48;5;78m▄\x1b[38;5;78;48;5;36m▄\x1b[38;5;30;48;5;30m▄▄\x1b[38;5;6;48;5;30m▄▄▄▄▄▄▄▄▄\x1b[38;5;30;48;5;30m▄\x1b[38;5;30;48;5;36m▄\x1b[38;5;36;48;5;42m▄\x1b[38;5;42;48;5;42m▄▄\x1b[38;5;42;48;5;36m▄\x1b[38;5;42;48;5;42m▄\x1b[38;5;78;48;5;78m▄\x1b[38;5;35;48;5;42m▄\x1b[38;5;23;48;5;78m▄\x1b[38;5;29;48;5;78m▄\x1b[38;5;35;48;5;79m▄\x1b[38;5;65;48;5;248m▄\x1b[38;5;242;48;5;237m▄\x1b[38;5;236;48;5;237m▄\x1b[38;5;235;48;5;108m▄\x1b[38;5;238;48;5;152m▄\x1b[38;5;235;48;5;60m▄\x1b[38;5;234;48;5;238m▄\x1b[38;5;233;48;5;235m▄\x1b[38;5;233;48;5;234m▄\x1b[38;5;233;48;5;233m▄\x1b[38;5;233;48;5;232m▄\x1b[38;5;234;48;5;233m▄\x1b[38;5;233;48;5;233m▄\x1b[38;5;232;48;5;234m▄\x1b[38;5;233;48;5;234m▄\x1b[38;5;232;48;5;233m▄\x1b[38;5;234;48;5;234m▄\x1b[38;5;232;48;5;233m▄▄\x1b[38;5;232;48;5;234m▄\x1b[m
\x1b[38;5;0;48;5;0m▄\x1b[38;5;232;48;5;232m▄▄\x1b[38;5;232;48;5;0m▄\x1b[38;5;232;48;5;233m▄\x1b[38;5;232;48;5;0m▄\x1b[38;5;232;48;5;232m▄\x1b[38;5;232;48;5;233m▄▄▄▄\x1b[38;5;232;48;5;232m▄\x1b[38;5;232;48;5;235m▄\x1b[38;5;234;48;5;23m▄\x1b[38;5;233;48;5;23m▄\x1b[38;5;233;48;5;29m▄\x1b[38;5;235;48;5;23m▄\x1b[38;5;238;48;5;35m▄\x1b[38;5;29;48;5;35m▄\x1b[38;5;235;48;5;23m▄\x1b[38;5;233;48;5;29m▄\x1b[38;5;235;48;5;29m▄▄\x1b[38;5;29;48;5;6m▄\x1b[38;5;6;48;5;24m▄\x1b[38;5;24;48;5;24m▄▄▄▄▄▄▄▄▄▄\x1b[38;5;24;48;5;6m▄\x1b[38;5;6;48;5;30m▄\x1b[38;5;6;48;5;36m▄\x1b[38;5;29;48;5;36m▄\x1b[38;5;29;48;5;29m▄\x1b[38;5;35;48;5;29m▄\x1b[38;5;35;48;5;35m▄\x1b[38;5;35;48;5;36m▄\x1b[38;5;6;48;5;30m▄▄\x1b[38;5;6;48;5;6m▄▄\x1b[38;5;36;48;5;30m▄\x1b[38;5;36;48;5;36m▄▄▄\x1b[38;5;6;48;5;6m▄▄\x1b[38;5;6;48;5;24m▄\x1b[38;5;24;48;5;24m▄▄▄▄▄▄\x1b[38;5;6;48;5;6m▄▄\x1b[38;5;23;48;5;6m▄\x1b[38;5;29;48;5;6m▄▄\x1b[38;5;35;48;5;35m▄\x1b[38;5;35;48;5;36m▄\x1b[38;5;35;48;5;35m▄\x1b[38;5;35;48;5;71m▄\x1b[38;5;35;48;5;36m▄▄\x1b[38;5;36;48;5;36m▄\x1b[38;5;36;48;5;71m▄\x1b[38;5;36;48;5;72m▄\x1b[38;5;36;48;5;35m▄\x1b[38;5;36;48;5;36m▄▄▄▄\x1b[38;5;35;48;5;72m▄\x1b[38;5;71;48;5;77m▄\x1b[38;5;71;48;5;36m▄\x1b[38;5;72;48;5;36m▄\x1b[38;5;71;48;5;77m▄\x1b[38;5;35;48;5;77m▄\x1b[38;5;35;48;5;36m▄\x1b[38;5;6;48;5;6m▄▄\x1b[38;5;24;48;5;24m▄▄▄▄▄\x1b[38;5;24;48;5;6m▄▄▄▄\x1b[38;5;6;48;5;6m▄\x1b[38;5;30;48;5;30m▄\x1b[38;5;36;48;5;36m▄▄▄▄\x1b[38;5;29;48;5;72m▄\x1b[38;5;29;48;5;36m▄\x1b[38;5;29;48;5;29m▄\x1b[38;5;35;48;5;35m▄\x1b[38;5;35;48;5;30m▄\x1b[38;5;30;48;5;30m▄\x1b[38;5;36;48;5;36m▄▄▄▄▄\x1b[38;5;30;48;5;6m▄\x1b[38;5;6;48;5;6m▄▄▄▄▄▄▄▄\x1b[38;5;36;48;5;6m▄\x1b[38;5;30;48;5;6m▄\x1b[38;5;6;48;5;6m▄▄\x1b[38;5;6;48;5;30m▄\x1b[38;5;29;48;5;30m▄\x1b[38;5;29;48;5;35m▄\x1b[38;5;35;48;5;35m▄▄\x1b[38;5;35;48;5;36m▄\x1b[38;5;36;48;5;36m▄\x1b[38;5;36;48;5;78m▄▄▄▄\x1b[38;5;36;48;5;36m▄\x1b[38;5;36;48;5;42m▄\x1b[38;5;36;48;5;36m▄\x1b[38;5;36;48;5;78m▄\x1b[38;5;77;48;5;78m▄▄\x1b[38;5;78;48;5;42m▄\x1b[38;5;78;48;5;77m▄\x1b[38;5;77;48;5;78m▄\x1b[38;5;41;48;5;36m▄\x1b[38;5;36;48;5;30m▄\x1b[38;5;30;48;5;6m▄\x1b[38;5;6;48;5;6m▄▄▄▄▄▄▄▄▄\x1b[38;5;6;48;5;30m▄\x1b[38;5;30;48;5;30m▄\x1b[38;5;36;48;5;36m▄\x1b[38;5;36;48;5;42m▄\x1b[38;5;42;48;5;78m▄\x1b[38;5;36;48;5;36m▄\x1b[38;5;35;48;5;78m▄\x1b[38;5;23;48;5;29m▄\x1b[38;5;234;48;5;235m▄\x1b[38;5;235;48;5;235m▄\x1b[38;5;236;48;5;235m▄\x1b[38;5;23;48;5;235m▄\x1b[38;5;6;48;5;236m▄\x1b[38;5;23;48;5;234m▄\x1b[38;5;235;48;5;234m▄\x1b[38;5;23;48;5;234m▄\x1b[38;5;233;48;5;235m▄\x1b[38;5;234;48;5;234m▄\x1b[38;5;235;48;5;233m▄\x1b[38;5;234;48;5;232m▄\x1b[38;5;233;48;5;233m▄▄▄▄▄▄\x1b[38;5;232;48;5;233m▄\x1b[38;5;233;48;5;233m▄\x1b[38;5;232;48;5;233m▄▄\x1b[38;5;233;48;5;233m▄\x1b[m
\x1b[38;5;232;48;5;232m▄▄\x1b[38;5;233;48;5;232m▄\x1b[38;5;233;48;5;233m▄\x1b[38;5;233;48;5;232m▄\x1b[38;5;234;48;5;232m▄▄▄\x1b[38;5;233;48;5;234m▄\x1b[38;5;234;48;5;232m▄▄\x1b[38;5;234;48;5;233m▄\x1b[38;5;234;48;5;232m▄\x1b[38;5;232;48;5;232m▄\x1b[38;5;233;48;5;232m▄\x1b[38;5;232;48;5;233m▄\x1b[38;5;233;48;5;234m▄▄\x1b[38;5;233;48;5;233m▄\x1b[38;5;232;48;5;233m▄\x1b[38;5;233;48;5;233m▄\x1b[38;5;232;48;5;233m▄\x1b[38;5;233;48;5;236m▄\x1b[38;5;236;48;5;29m▄\x1b[38;5;29;48;5;6m▄\x1b[38;5;6;48;5;6m▄\x1b[38;5;24;48;5;24m▄▄▄▄▄▄▄\x1b[38;5;23;48;5;24m▄▄▄\x1b[38;5;29;48;5;23m▄▄\x1b[38;5;29;48;5;29m▄\x1b[38;5;35;48;5;29m▄\x1b[38;5;35;48;5;35m▄▄\x1b[38;5;41;48;5;77m▄\x1b[38;5;77;48;5;6m▄\x1b[38;5;35;48;5;6m▄\x1b[38;5;6;48;5;6m▄▄▄\x1b[38;5;6;48;5;35m▄\x1b[38;5;6;48;5;29m▄\x1b[38;5;23;48;5;6m▄▄\x1b[38;5;29;48;5;29m▄\x1b[38;5;35;48;5;35m▄▄\x1b[38;5;35;48;5;6m▄\x1b[38;5;29;48;5;24m▄\x1b[38;5;23;48;5;24m▄▄▄\x1b[38;5;29;48;5;6m▄\x1b[38;5;29;48;5;23m▄\x1b[38;5;35;48;5;29m▄▄▄\x1b[38;5;35;48;5;35m▄▄▄▄▄▄\x1b[38;5;29;48;5;35m▄\x1b[38;5;29;48;5;6m▄\x1b[38;5;29;48;5;29m▄\x1b[38;5;35;48;5;29m▄\x1b[38;5;35;48;5;36m▄▄\x1b[38;5;35;48;5;71m▄\x1b[38;5;35;48;5;36m▄\x1b[38;5;6;48;5;36m▄▄\x1b[38;5;35;48;5;71m▄▄\x1b[38;5;35;48;5;72m▄\x1b[38;5;35;48;5;71m▄\x1b[38;5;35;48;5;35m▄\x1b[38;5;35;48;5;36m▄\x1b[38;5;29;48;5;6m▄\x1b[38;5;6;48;5;6m▄\x1b[38;5;24;48;5;24m▄▄\x1b[38;5;6;48;5;24m▄▄\x1b[38;5;24;48;5;24m▄▄▄▄▄\x1b[38;5;24;48;5;6m▄\x1b[38;5;23;48;5;30m▄\x1b[38;5;29;48;5;36m▄\x1b[38;5;29;48;5;29m▄\x1b[38;5;29;48;5;23m▄\x1b[38;5;29;48;5;29m▄\x1b[38;5;35;48;5;29m▄\x1b[38;5;35;48;5;35m▄\x1b[38;5;35;48;5;41m▄\x1b[38;5;41;48;5;41m▄\x1b[38;5;77;48;5;35m▄\x1b[38;5;35;48;5;36m▄▄\x1b[38;5;6;48;5;36m▄\x1b[38;5;6;48;5;6m▄▄\x1b[38;5;35;48;5;36m▄\x1b[38;5;29;48;5;36m▄\x1b[38;5;23;48;5;6m▄\x1b[38;5;29;48;5;29m▄\x1b[38;5;29;48;5;35m▄\x1b[38;5;35;48;5;35m▄\x1b[38;5;35;48;5;6m▄\x1b[38;5;29;48;5;24m▄\x1b[38;5;29;48;5;30m▄\x1b[38;5;29;48;5;35m▄\x1b[38;5;29;48;5;71m▄\x1b[38;5;23;48;5;6m▄\x1b[38;5;29;48;5;23m▄\x1b[38;5;35;48;5;29m▄▄▄\x1b[38;5;35;48;5;35m▄▄▄▄\x1b[38;5;29;48;5;36m▄\x1b[38;5;35;48;5;36m▄\x1b[38;5;29;48;5;36m▄\x1b[38;5;29;48;5;35m▄▄▄\x1b[38;5;35;48;5;36m▄\x1b[38;5;36;48;5;36m▄▄\x1b[38;5;36;48;5;77m▄\x1b[38;5;35;48;5;78m▄▄▄\x1b[38;5;36;48;5;41m▄\x1b[38;5;71;48;5;36m▄\x1b[38;5;35;48;5;36m▄\x1b[38;5;6;48;5;6m▄▄▄▄\x1b[38;5;24;48;5;6m▄\x1b[38;5;6;48;5;6m▄▄▄▄▄▄\x1b[38;5;6;48;5;30m▄\x1b[38;5;29;48;5;36m▄\x1b[38;5;23;48;5;35m▄\x1b[38;5;29;48;5;29m▄▄\x1b[38;5;35;48;5;23m▄▄\x1b[38;5;35;48;5;29m▄\x1b[38;5;29;48;5;29m▄\x1b[38;5;77;48;5;29m▄\x1b[38;5;71;48;5;36m▄\x1b[38;5;35;48;5;29m▄\x1b[38;5;6;48;5;29m▄\x1b[38;5;238;48;5;237m▄\x1b[38;5;232;48;5;232m▄\x1b[38;5;233;48;5;232m▄\x1b[38;5;234;48;5;233m▄\x1b[38;5;233;48;5;233m▄\x1b[38;5;233;48;5;235m▄\x1b[38;5;234;48;5;234m▄\x1b[38;5;233;48;5;233m▄▄▄\x1b[38;5;232;48;5;233m▄\x1b[38;5;232;48;5;232m▄▄\x1b[38;5;233;48;5;233m▄\x1b[38;5;232;48;5;234m▄\x1b[38;5;233;48;5;232m▄\x1b[m
\x1b[38;5;232;48;5;232m▄▄\x1b[38;5;233;48;5;233m▄▄\x1b[38;5;233;48;5;235m▄\x1b[38;5;233;48;5;234m▄▄\x1b[38;5;234;48;5;234m▄\x1b[38;5;234;48;5;233m▄\x1b[38;5;234;48;5;234m▄\x1b[38;5;232;48;5;234m▄\x1b[38;5;234;48;5;233m▄\x1b[38;5;233;48;5;234m▄\x1b[38;5;233;48;5;233m▄▄▄▄\x1b[38;5;233;48;5;232m▄\x1b[38;5;232;48;5;233m▄▄▄\x1b[38;5;232;48;5;232m▄\x1b[38;5;233;48;5;233m▄\x1b[38;5;234;48;5;234m▄\x1b[38;5;23;48;5;23m▄▄▄\x1b[38;5;23;48;5;24m▄▄\x1b[38;5;23;48;5;23m▄▄▄▄▄\x1b[38;5;23;48;5;29m▄▄\x1b[38;5;29;48;5;29m▄\x1b[38;5;236;48;5;29m▄\x1b[38;5;23;48;5;29m▄\x1b[38;5;29;48;5;35m▄▄\x1b[38;5;35;48;5;35m▄\x1b[38;5;35;48;5;41m▄\x1b[38;5;41;48;5;77m▄\x1b[38;5;35;48;5;41m▄\x1b[38;5;35;48;5;35m▄\x1b[38;5;35;48;5;29m▄▄\x1b[38;5;29;48;5;23m▄\x1b[38;5;23;48;5;23m▄▄▄\x1b[38;5;29;48;5;23m▄\x1b[38;5;29;48;5;29m▄\x1b[38;5;23;48;5;29m▄▄▄\x1b[38;5;23;48;5;23m▄▄▄\x1b[38;5;29;48;5;29m▄\x1b[38;5;29;48;5;35m▄▄▄▄\x1b[38;5;29;48;5;29m▄\x1b[38;5;23;48;5;29m▄\x1b[38;5;29;48;5;29m▄▄▄▄▄\x1b[38;5;35;48;5;29m▄\x1b[38;5;35;48;5;35m▄▄▄▄\x1b[38;5;29;48;5;29m▄\x1b[38;5;6;48;5;6m▄\x1b[38;5;24;48;5;6m▄\x1b[38;5;23;48;5;6m▄▄\x1b[38;5;24;48;5;6m▄\x1b[38;5;23;48;5;6m▄▄\x1b[38;5;23;48;5;24m▄\x1b[38;5;24;48;5;6m▄▄\x1b[38;5;24;48;5;24m▄\x1b[38;5;23;48;5;24m▄\x1b[38;5;29;48;5;29m▄\x1b[38;5;29;48;5;35m▄\x1b[38;5;35;48;5;35m▄▄\x1b[38;5;35;48;5;29m▄\x1b[38;5;29;48;5;6m▄\x1b[38;5;23;48;5;24m▄\x1b[38;5;23;48;5;23m▄▄▄\x1b[38;5;29;48;5;29m▄▄\x1b[38;5;35;48;5;29m▄\x1b[38;5;29;48;5;29m▄\x1b[38;5;35;48;5;35m▄\x1b[38;5;41;48;5;35m▄\x1b[38;5;35;48;5;35m▄▄\x1b[38;5;41;48;5;77m▄\x1b[38;5;35;48;5;41m▄\x1b[38;5;35;48;5;35m▄\x1b[38;5;41;48;5;35m▄\x1b[38;5;35;48;5;29m▄\x1b[38;5;29;48;5;23m▄\x1b[38;5;23;48;5;23m▄▄▄\x1b[38;5;29;48;5;23m▄\x1b[38;5;29;48;5;29m▄▄\x1b[38;5;23;48;5;29m▄▄▄\x1b[38;5;23;48;5;23m▄\x1b[48;5;23m \x1b[38;5;29;48;5;29m▄▄\x1b[38;5;29;48;5;35m▄▄▄▄\x1b[38;5;23;48;5;29m▄▄\x1b[38;5;29;48;5;29m▄▄▄▄▄\x1b[38;5;35;48;5;35m▄▄▄▄\x1b[38;5;29;48;5;6m▄\x1b[38;5;24;48;5;6m▄\x1b[38;5;6;48;5;6m▄▄\x1b[38;5;24;48;5;6m▄▄▄▄▄▄\x1b[38;5;6;48;5;24m▄\x1b[38;5;6;48;5;6m▄\x1b[38;5;6;48;5;24m▄\x1b[38;5;6;48;5;6m▄▄\x1b[38;5;23;48;5;6m▄▄\x1b[38;5;23;48;5;23m▄▄▄\x1b[38;5;29;48;5;29m▄▄\x1b[38;5;35;48;5;29m▄\x1b[38;5;29;48;5;29m▄\x1b[38;5;35;48;5;35m▄\x1b[38;5;41;48;5;41m▄\x1b[38;5;35;48;5;35m▄▄\x1b[38;5;41;48;5;77m▄\x1b[38;5;35;48;5;41m▄\x1b[38;5;35;48;5;35m▄▄\x1b[38;5;28;48;5;23m▄\x1b[38;5;0;48;5;232m▄\x1b[38;5;232;48;5;232m▄▄\x1b[38;5;0;48;5;232m▄\x1b[38;5;232;48;5;232m▄\x1b[38;5;0;48;5;232m▄\x1b[38;5;232;48;5;232m▄▄\x1b[38;5;232;48;5;0m▄\x1b[38;5;233;48;5;232m▄▄▄\x1b[38;5;232;48;5;233m▄\x1b[38;5;233;48;5;233m▄▄\x1b[m
\x1b[38;5;233;48;5;232m▄\x1b[38;5;233;48;5;233m▄\x1b[38;5;233;48;5;234m▄▄\x1b[38;5;234;48;5;234m▄\x1b[38;5;234;48;5;233m▄▄\x1b[38;5;234;48;5;234m▄▄\x1b[38;5;233;48;5;234m▄▄\x1b[38;5;234;48;5;234m▄\x1b[38;5;234;48;5;233m▄\x1b[38;5;233;48;5;234m▄\x1b[38;5;232;48;5;232m▄\x1b[38;5;232;48;5;233m▄\x1b[38;5;233;48;5;234m▄\x1b[38;5;233;48;5;233m▄\x1b[38;5;232;48;5;233m▄\x1b[38;5;232;48;5;234m▄\x1b[38;5;232;48;5;233m▄\x1b[38;5;233;48;5;233m▄▄\x1b[38;5;0;48;5;233m▄\x1b[38;5;233;48;5;234m▄\x1b[38;5;23;48;5;23m▄▄▄▄▄▄▄▄▄\x1b[38;5;237;48;5;235m▄\x1b[38;5;235;48;5;236m▄\x1b[38;5;237;48;5;29m▄\x1b[38;5;234;48;5;22m▄\x1b[38;5;234;48;5;234m▄\x1b[38;5;235;48;5;235m▄\x1b[38;5;23;48;5;235m▄\x1b[38;5;29;48;5;35m▄▄\x1b[38;5;35;48;5;35m▄▄▄▄▄▄\x1b[38;5;77;48;5;35m▄\x1b[38;5;35;48;5;29m▄▄\x1b[38;5;35;48;5;35m▄\x1b[38;5;41;48;5;41m▄\x1b[38;5;71;48;5;29m▄\x1b[38;5;29;48;5;23m▄\x1b[38;5;23;48;5;23m▄▄▄▄▄▄▄▄▄▄▄▄\x1b[38;5;29;48;5;29m▄\x1b[38;5;35;48;5;35m▄▄▄▄▄▄▄▄▄\x1b[38;5;29;48;5;23m▄\x1b[38;5;23;48;5;23m▄▄\x1b[38;5;29;48;5;23m▄\x1b[38;5;29;48;5;6m▄▄\x1b[38;5;6;48;5;23m▄\x1b[38;5;23;48;5;23m▄▄▄▄▄▄▄\x1b[38;5;29;48;5;29m▄\x1b[38;5;23;48;5;29m▄▄\x1b[38;5;23;48;5;23m▄▄▄▄▄\x1b[38;5;23;48;5;29m▄\x1b[38;5;29;48;5;29m▄\x1b[38;5;35;48;5;35m▄▄\x1b[38;5;35;48;5;29m▄\x1b[38;5;29;48;5;35m▄\x1b[38;5;35;48;5;41m▄\x1b[38;5;41;48;5;35m▄\x1b[38;5;35;48;5;35m▄▄▄▄▄▄\x1b[38;5;77;48;5;35m▄\x1b[38;5;35;48;5;29m▄▄\x1b[38;5;35;48;5;35m▄▄\x1b[38;5;77;48;5;35m▄\x1b[38;5;29;48;5;29m▄\x1b[38;5;23;48;5;23m▄▄▄▄▄▄▄▄▄▄▄▄\x1b[38;5;29;48;5;29m▄\x1b[38;5;29;48;5;35m▄\x1b[38;5;35;48;5;35m▄▄▄▄▄▄▄▄\x1b[38;5;35;48;5;29m▄\x1b[38;5;29;48;5;6m▄▄▄\x1b[38;5;29;48;5;23m▄\x1b[38;5;29;48;5;24m▄\x1b[38;5;23;48;5;24m▄▄▄\x1b[38;5;23;48;5;6m▄▄\x1b[38;5;23;48;5;23m▄▄▄▄▄▄▄▄\x1b[38;5;23;48;5;29m▄\x1b[38;5;29;48;5;29m▄\x1b[38;5;29;48;5;35m▄\x1b[38;5;35;48;5;35m▄\x1b[38;5;35;48;5;29m▄\x1b[38;5;29;48;5;35m▄\x1b[38;5;35;48;5;41m▄\x1b[38;5;35;48;5;35m▄▄▄▄▄▄\x1b[38;5;235;48;5;234m▄\x1b[38;5;232;48;5;0m▄\x1b[38;5;0;48;5;232m▄\x1b[38;5;232;48;5;0m▄\x1b[38;5;0;48;5;0m▄\x1b[38;5;232;48;5;232m▄▄\x1b[38;5;0;48;5;0m▄\x1b[38;5;232;48;5;233m▄▄▄\x1b[38;5;233;48;5;233m▄▄▄▄\x1b[m
\x1b[38;5;232;48;5;233m▄\x1b[38;5;233;48;5;232m▄\x1b[38;5;233;48;5;234m▄\x1b[38;5;232;48;5;234m▄\x1b[38;5;232;48;5;233m▄\x1b[38;5;233;48;5;234m▄▄\x1b[38;5;232;48;5;234m▄▄\x1b[38;5;233;48;5;234m▄\x1b[38;5;233;48;5;233m▄\x1b[38;5;235;48;5;234m▄\x1b[38;5;233;48;5;233m▄▄\x1b[38;5;232;48;5;232m▄▄\x1b[38;5;234;48;5;233m▄\x1b[38;5;233;48;5;233m▄\x1b[38;5;0;48;5;232m▄\x1b[38;5;233;48;5;234m▄\x1b[38;5;234;48;5;233m▄\x1b[38;5;235;48;5;233m▄▄\x1b[38;5;234;48;5;232m▄\x1b[38;5;0;48;5;234m▄\x1b[38;5;237;48;5;23m▄\x1b[38;5;23;48;5;23m▄▄▄▄▄▄▄▄\x1b[38;5;235;48;5;237m▄\x1b[38;5;236;48;5;234m▄\x1b[38;5;235;48;5;235m▄\x1b[38;5;234;48;5;235m▄\x1b[38;5;236;48;5;22m▄\x1b[38;5;235;48;5;234m▄\x1b[38;5;234;48;5;234m▄\x1b[38;5;29;48;5;236m▄\x1b[38;5;35;48;5;29m▄\x1b[38;5;35;48;5;41m▄\x1b[38;5;35;48;5;35m▄▄▄▄▄▄▄▄▄▄\x1b[38;5;35;48;5;41m▄\x1b[38;5;35;48;5;35m▄\x1b[38;5;35;48;5;29m▄\x1b[38;5;23;48;5;23m▄▄▄▄▄▄▄▄▄▄▄▄\x1b[38;5;29;48;5;29m▄\x1b[38;5;35;48;5;35m▄▄▄▄▄▄\x1b[38;5;29;48;5;35m▄▄\x1b[38;5;29;48;5;29m▄▄▄\x1b[38;5;35;48;5;29m▄\x1b[38;5;35;48;5;35m▄▄\x1b[38;5;29;48;5;29m▄\x1b[38;5;23;48;5;23m▄▄▄▄▄▄\x1b[38;5;35;48;5;29m▄\x1b[38;5;35;48;5;35m▄\x1b[38;5;35;48;5;29m▄\x1b[38;5;29;48;5;23m▄\x1b[38;5;23;48;5;23m▄▄▄▄▄▄▄\x1b[38;5;29;48;5;29m▄\x1b[38;5;35;48;5;35m▄▄▄\x1b[38;5;35;48;5;29m▄\x1b[38;5;35;48;5;35m▄▄▄▄▄▄▄▄▄▄▄▄\x1b[38;5;35;48;5;41m▄\x1b[38;5;35;48;5;35m▄\x1b[38;5;35;48;5;29m▄\x1b[38;5;29;48;5;23m▄\x1b[38;5;23;48;5;23m▄▄▄▄▄▄▄▄▄▄▄\x1b[38;5;29;48;5;29m▄\x1b[38;5;29;48;5;35m▄\x1b[38;5;35;48;5;35m▄▄▄▄▄▄\x1b[38;5;29;48;5;35m▄\x1b[38;5;29;48;5;29m▄\x1b[38;5;23;48;5;29m▄\x1b[38;5;29;48;5;29m▄\x1b[38;5;35;48;5;29m▄\x1b[38;5;35;48;5;35m▄▄\x1b[38;5;35;48;5;29m▄\x1b[38;5;29;48;5;23m▄\x1b[38;5;23;48;5;23m▄▄▄▄▄▄▄▄\x1b[38;5;29;48;5;23m▄\x1b[38;5;23;48;5;23m▄▄\x1b[38;5;234;48;5;236m▄\x1b[38;5;233;48;5;236m▄\x1b[38;5;235;48;5;236m▄\x1b[38;5;29;48;5;29m▄\x1b[38;5;35;48;5;35m▄\x1b[38;5;235;48;5;23m▄\x1b[38;5;23;48;5;29m▄\x1b[38;5;35;48;5;35m▄▄\x1b[38;5;35;48;5;77m▄\x1b[38;5;35;48;5;35m▄▄\x1b[38;5;29;48;5;35m▄\x1b[38;5;29;48;5;29m▄\x1b[38;5;29;48;5;235m▄\x1b[38;5;235;48;5;232m▄\x1b[38;5;0;48;5;232m▄\x1b[38;5;232;48;5;0m▄\x1b[38;5;0;48;5;232m▄▄\x1b[38;5;232;48;5;232m▄\x1b[38;5;233;48;5;232m▄▄\x1b[38;5;232;48;5;232m▄\x1b[38;5;234;48;5;232m▄\x1b[38;5;233;48;5;232m▄▄\x1b[38;5;232;48;5;233m▄\x1b[m
\x1b[38;5;232;48;5;232m▄\x1b[38;5;232;48;5;233m▄\x1b[38;5;233;48;5;232m▄\x1b[38;5;232;48;5;232m▄\x1b[38;5;233;48;5;233m▄\x1b[38;5;233;48;5;232m▄\x1b[38;5;234;48;5;233m▄\x1b[38;5;233;48;5;233m▄\x1b[38;5;234;48;5;233m▄▄\x1b[38;5;234;48;5;234m▄▄\x1b[38;5;234;48;5;233m▄\x1b[38;5;234;48;5;234m▄\x1b[38;5;232;48;5;232m▄\x1b[38;5;0;48;5;232m▄\x1b[38;5;233;48;5;232m▄\x1b[38;5;234;48;5;233m▄\x1b[38;5;233;48;5;233m▄\x1b[38;5;233;48;5;234m▄\x1b[38;5;233;48;5;233m▄▄▄▄\x1b[38;5;235;48;5;234m▄\x1b[38;5;23;48;5;23m▄▄▄▄▄▄\x1b[38;5;29;48;5;29m▄\x1b[38;5;35;48;5;35m▄\x1b[38;5;35;48;5;29m▄\x1b[38;5;29;48;5;23m▄\x1b[38;5;237;48;5;235m▄\x1b[38;5;235;48;5;234m▄\x1b[38;5;236;48;5;234m▄\x1b[38;5;236;48;5;235m▄\x1b[38;5;23;48;5;23m▄\x1b[38;5;29;48;5;23m▄\x1b[38;5;35;48;5;35m▄\x1b[38;5;29;48;5;35m▄\x1b[38;5;29;48;5;29m▄▄\x1b[38;5;35;48;5;35m▄▄▄▄▄▄▄▄▄▄▄▄\x1b[38;5;35;48;5;29m▄\x1b[38;5;29;48;5;23m▄\x1b[38;5;23;48;5;23m▄▄▄▄▄▄▄▄▄▄\x1b[38;5;23;48;5;29m▄\x1b[38;5;29;48;5;29m▄\x1b[38;5;29;48;5;35m▄\x1b[38;5;35;48;5;35m▄▄▄▄\x1b[38;5;35;48;5;29m▄\x1b[38;5;29;48;5;29m▄▄▄\x1b[38;5;29;48;5;35m▄\x1b[38;5;35;48;5;35m▄\x1b[38;5;29;48;5;35m▄\x1b[38;5;23;48;5;29m▄\x1b[38;5;29;48;5;29m▄\x1b[38;5;35;48;5;29m▄\x1b[38;5;35;48;5;23m▄\x1b[38;5;29;48;5;23m▄\x1b[38;5;23;48;5;23m▄▄\x1b[38;5;23;48;5;29m▄\x1b[38;5;29;48;5;29m▄\x1b[38;5;29;48;5;35m▄\x1b[38;5;35;48;5;35m▄▄\x1b[38;5;35;48;5;29m▄\x1b[38;5;29;48;5;23m▄▄\x1b[38;5;23;48;5;23m▄▄▄▄\x1b[38;5;23;48;5;29m▄\x1b[38;5;29;48;5;29m▄\x1b[38;5;29;48;5;35m▄\x1b[38;5;35;48;5;35m▄▄▄\x1b[38;5;29;48;5;35m▄\x1b[38;5;29;48;5;29m▄\x1b[38;5;35;48;5;35m▄▄▄▄▄▄▄▄\x1b[38;5;35;48;5;71m▄\x1b[38;5;35;48;5;35m▄▄▄▄\x1b[38;5;35;48;5;29m▄\x1b[38;5;29;48;5;23m▄\x1b[38;5;23;48;5;23m▄▄▄▄▄▄▄▄▄▄\x1b[38;5;23;48;5;29m▄\x1b[38;5;29;48;5;35m▄\x1b[38;5;35;48;5;35m▄▄▄▄▄\x1b[38;5;29;48;5;29m▄▄\x1b[38;5;29;48;5;23m▄\x1b[38;5;29;48;5;29m▄\x1b[38;5;35;48;5;35m▄\x1b[38;5;29;48;5;35m▄\x1b[38;5;29;48;5;29m▄\x1b[38;5;23;48;5;29m▄\x1b[38;5;35;48;5;29m▄▄\x1b[38;5;29;48;5;23m▄\x1b[38;5;23;48;5;23m▄▄▄▄▄\x1b[38;5;29;48;5;23m▄\x1b[38;5;29;48;5;35m▄\x1b[38;5;35;48;5;35m▄\x1b[38;5;29;48;5;23m▄\x1b[38;5;235;48;5;237m▄\x1b[38;5;235;48;5;235m▄\x1b[38;5;236;48;5;235m▄\x1b[38;5;235;48;5;23m▄\x1b[38;5;234;48;5;22m▄\x1b[38;5;234;48;5;234m▄\x1b[38;5;29;48;5;29m▄\x1b[38;5;29;48;5;35m▄\x1b[38;5;23;48;5;29m▄\x1b[38;5;0;48;5;236m▄\x1b[38;5;232;48;5;236m▄\x1b[38;5;232;48;5;235m▄\x1b[38;5;232;48;5;233m▄\x1b[38;5;232;48;5;22m▄\x1b[38;5;233;48;5;234m▄\x1b[38;5;233;48;5;232m▄\x1b[38;5;0;48;5;0m▄\x1b[38;5;232;48;5;232m▄▄\x1b[38;5;232;48;5;233m▄\x1b[38;5;232;48;5;0m▄\x1b[48;5;233m \x1b[38;5;233;48;5;232m▄\x1b[38;5;234;48;5;234m▄▄▄▄\x1b[38;5;233;48;5;233m▄\x1b[m
\x1b[38;5;232;48;5;232m▄\x1b[38;5;233;48;5;233m▄\x1b[38;5;233;48;5;232m▄\x1b[38;5;233;48;5;233m▄\x1b[38;5;232;48;5;233m▄\x1b[38;5;233;48;5;232m▄\x1b[38;5;233;48;5;233m▄\x1b[38;5;234;48;5;232m▄\x1b[38;5;233;48;5;234m▄\x1b[38;5;234;48;5;233m▄\x1b[38;5;234;48;5;234m▄\x1b[38;5;232;48;5;235m▄\x1b[38;5;233;48;5;234m▄\x1b[38;5;232;48;5;233m▄\x1b[38;5;232;48;5;232m▄\x1b[38;5;0;48;5;0m▄\x1b[38;5;233;48;5;233m▄\x1b[38;5;234;48;5;232m▄\x1b[38;5;233;48;5;235m▄\x1b[38;5;233;48;5;234m▄\x1b[38;5;233;48;5;233m▄\x1b[38;5;234;48;5;233m▄\x1b[38;5;232;48;5;233m▄▄\x1b[38;5;23;48;5;23m▄\x1b[38;5;29;48;5;29m▄\x1b[38;5;35;48;5;29m▄\x1b[38;5;29;48;5;23m▄\x1b[38;5;23;48;5;23m▄▄▄\x1b[38;5;23;48;5;29m▄\x1b[38;5;29;48;5;35m▄▄\x1b[38;5;23;48;5;35m▄\x1b[38;5;22;48;5;29m▄\x1b[38;5;233;48;5;236m▄\x1b[38;5;233;48;5;235m▄\x1b[38;5;235;48;5;23m▄▄\x1b[38;5;23;48;5;29m▄▄\x1b[38;5;29;48;5;29m▄▄▄\x1b[38;5;29;48;5;35m▄\x1b[38;5;35;48;5;35m▄\x1b[38;5;29;48;5;35m▄▄▄▄\x1b[38;5;23;48;5;29m▄▄▄▄▄▄▄▄\x1b[38;5;23;48;5;23m▄▄▄▄▄\x1b[38;5;29;48;5;23m▄\x1b[38;5;23;48;5;23m▄▄▄▄▄▄\x1b[38;5;23;48;5;29m▄▄\x1b[38;5;29;48;5;35m▄▄▄▄▄\x1b[38;5;35;48;5;29m▄\x1b[38;5;29;48;5;29m▄\x1b[38;5;23;48;5;29m▄▄\x1b[38;5;23;48;5;23m▄▄\x1b[38;5;29;48;5;23m▄\x1b[38;5;29;48;5;29m▄\x1b[38;5;29;48;5;35m▄\x1b[38;5;29;48;5;29m▄▄\x1b[38;5;23;48;5;23m▄▄\x1b[38;5;23;48;5;29m▄\x1b[38;5;23;48;5;23m▄\x1b[38;5;23;48;5;29m▄\x1b[38;5;29;48;5;35m▄\x1b[38;5;29;48;5;29m▄\x1b[38;5;23;48;5;29m▄▄\x1b[38;5;23;48;5;23m▄▄▄▄▄▄▄\x1b[38;5;23;48;5;29m▄▄▄\x1b[38;5;29;48;5;29m▄▄\x1b[38;5;29;48;5;35m▄\x1b[38;5;35;48;5;35m▄\x1b[38;5;29;48;5;35m▄▄▄▄\x1b[38;5;29;48;5;29m▄\x1b[38;5;23;48;5;29m▄\x1b[38;5;23;48;5;35m▄\x1b[38;5;23;48;5;29m▄▄▄▄▄\x1b[38;5;23;48;5;23m▄▄▄▄▄▄▄▄▄▄▄▄\x1b[48;5;23m \x1b[38;5;23;48;5;29m▄\x1b[38;5;23;48;5;35m▄\x1b[38;5;29;48;5;35m▄▄▄▄\x1b[38;5;35;48;5;35m▄\x1b[38;5;29;48;5;29m▄▄\x1b[38;5;23;48;5;29m▄\x1b[38;5;23;48;5;23m▄▄▄\x1b[38;5;29;48;5;29m▄\x1b[38;5;29;48;5;35m▄▄\x1b[38;5;29;48;5;29m▄\x1b[38;5;29;48;5;23m▄\x1b[38;5;23;48;5;23m▄▄▄\x1b[38;5;23;48;5;29m▄\x1b[38;5;29;48;5;23m▄\x1b[38;5;236;48;5;236m▄\x1b[38;5;234;48;5;22m▄\x1b[38;5;234;48;5;29m▄\x1b[38;5;29;48;5;235m▄\x1b[38;5;236;48;5;234m▄\x1b[38;5;234;48;5;235m▄\x1b[38;5;236;48;5;237m▄\x1b[38;5;23;48;5;235m▄\x1b[38;5;234;48;5;237m▄\x1b[38;5;234;48;5;235m▄\x1b[38;5;232;48;5;232m▄\x1b[38;5;0;48;5;0m▄\x1b[38;5;232;48;5;0m▄▄\x1b[38;5;233;48;5;233m▄▄▄\x1b[38;5;233;48;5;234m▄\x1b[38;5;0;48;5;233m▄\x1b[38;5;233;48;5;232m▄\x1b[38;5;232;48;5;0m▄\x1b[38;5;232;48;5;232m▄\x1b[38;5;234;48;5;232m▄\x1b[38;5;233;48;5;234m▄\x1b[38;5;234;48;5;234m▄\x1b[38;5;235;48;5;234m▄\x1b[38;5;234;48;5;233m▄\x1b[38;5;233;48;5;233m▄\x1b[38;5;235;48;5;234m▄\x1b[38;5;233;48;5;233m▄\x1b[m
\x1b[38;5;232;48;5;232m▄\x1b[38;5;232;48;5;233m▄▄▄\x1b[38;5;233;48;5;232m▄\x1b[38;5;233;48;5;233m▄▄\x1b[38;5;232;48;5;233m▄▄▄\x1b[38;5;233;48;5;234m▄\x1b[38;5;232;48;5;234m▄▄\x1b[38;5;233;48;5;232m▄▄▄\x1b[38;5;234;48;5;232m▄\x1b[38;5;234;48;5;233m▄\x1b[38;5;233;48;5;234m▄\x1b[38;5;233;48;5;233m▄\x1b[38;5;232;48;5;234m▄▄\x1b[38;5;232;48;5;232m▄\x1b[38;5;235;48;5;234m▄\x1b[38;5;29;48;5;23m▄\x1b[38;5;23;48;5;29m▄\x1b[38;5;29;48;5;29m▄▄▄\x1b[38;5;23;48;5;23m▄▄▄\x1b[38;5;236;48;5;23m▄\x1b[38;5;233;48;5;235m▄\x1b[38;5;233;48;5;234m▄▄\x1b[38;5;233;48;5;233m▄\x1b[38;5;234;48;5;234m▄\x1b[38;5;233;48;5;234m▄▄▄\x1b[38;5;234;48;5;23m▄\x1b[38;5;235;48;5;23m▄\x1b[38;5;23;48;5;23m▄▄▄▄▄▄▄▄▄▄\x1b[38;5;23;48;5;29m▄\x1b[38;5;29;48;5;23m▄▄\x1b[38;5;23;48;5;23m▄▄▄▄▄▄▄▄▄\x1b[38;5;29;48;5;23m▄\x1b[38;5;23;48;5;23m▄▄▄▄▄▄▄▄▄▄▄▄▄▄▄▄▄▄\x1b[38;5;23;48;5;29m▄\x1b[38;5;29;48;5;29m▄▄\x1b[38;5;23;48;5;29m▄▄\x1b[38;5;23;48;5;23m▄▄▄▄▄▄▄▄▄▄▄▄▄▄▄▄▄▄▄▄▄▄▄▄▄▄▄▄▄▄\x1b[38;5;29;48;5;29m▄\x1b[38;5;29;48;5;23m▄\x1b[38;5;23;48;5;23m▄▄\x1b[48;5;23m \x1b[38;5;23;48;5;23m▄▄▄▄▄▄▄▄▄▄▄▄▄▄▄▄▄▄▄▄▄▄▄▄▄\x1b[38;5;23;48;5;29m▄\x1b[38;5;29;48;5;29m▄▄▄▄▄▄\x1b[38;5;29;48;5;23m▄\x1b[38;5;23;48;5;23m▄▄\x1b[38;5;237;48;5;23m▄\x1b[38;5;23;48;5;235m▄\x1b[38;5;23;48;5;234m▄\x1b[38;5;235;48;5;234m▄\x1b[38;5;234;48;5;235m▄▄\x1b[38;5;233;48;5;234m▄\x1b[38;5;234;48;5;234m▄\x1b[38;5;235;48;5;235m▄\x1b[38;5;234;48;5;233m▄\x1b[38;5;232;48;5;0m▄▄▄\x1b[38;5;233;48;5;233m▄▄▄▄▄\x1b[38;5;234;48;5;233m▄\x1b[38;5;232;48;5;232m▄▄\x1b[48;5;232m \x1b[38;5;233;48;5;233m▄\x1b[38;5;232;48;5;232m▄\x1b[38;5;233;48;5;234m▄\x1b[38;5;233;48;5;233m▄\x1b[38;5;233;48;5;234m▄\x1b[38;5;234;48;5;234m▄▄\x1b[38;5;233;48;5;233m▄\x1b[38;5;234;48;5;234m▄\x1b[m
\x1b[38;5;234;48;5;233m▄▄\x1b[38;5;234;48;5;234m▄▄▄\x1b[38;5;234;48;5;233m▄▄\x1b[38;5;233;48;5;232m▄\x1b[38;5;232;48;5;233m▄\x1b[38;5;232;48;5;234m▄\x1b[38;5;234;48;5;233m▄\x1b[38;5;234;48;5;234m▄\x1b[38;5;234;48;5;233m▄\x1b[38;5;234;48;5;234m▄▄\x1b[38;5;234;48;5;233m▄\x1b[38;5;233;48;5;234m▄\x1b[38;5;234;48;5;234m▄▄\x1b[38;5;234;48;5;233m▄\x1b[38;5;234;48;5;234m▄\x1b[38;5;234;48;5;232m▄\x1b[38;5;234;48;5;0m▄\x1b[38;5;235;48;5;235m▄\x1b[38;5;232;48;5;237m▄\x1b[38;5;232;48;5;235m▄\x1b[38;5;233;48;5;23m▄\x1b[38;5;237;48;5;23m▄\x1b[38;5;235;48;5;23m▄\x1b[38;5;234;48;5;235m▄\x1b[38;5;233;48;5;234m▄\x1b[38;5;234;48;5;234m▄\x1b[38;5;233;48;5;233m▄▄▄\x1b[38;5;233;48;5;234m▄▄\x1b[38;5;233;48;5;233m▄\x1b[38;5;234;48;5;233m▄▄\x1b[38;5;233;48;5;233m▄▄\x1b[38;5;233;48;5;234m▄\x1b[38;5;233;48;5;235m▄\x1b[38;5;233;48;5;23m▄\x1b[38;5;236;48;5;23m▄\x1b[38;5;23;48;5;23m▄▄▄▄▄▄▄▄\x1b[38;5;29;48;5;29m▄▄▄\x1b[38;5;29;48;5;23m▄\x1b[38;5;23;48;5;23m▄▄▄▄\x1b[38;5;29;48;5;29m▄▄▄\x1b[38;5;29;48;5;23m▄▄▄\x1b[38;5;23;48;5;23m▄▄▄▄▄▄▄▄▄▄▄▄▄▄▄▄▄▄\x1b[38;5;23;48;5;29m▄▄\x1b[38;5;29;48;5;23m▄▄\x1b[38;5;23;48;5;23m▄▄▄▄▄▄▄▄▄▄▄▄\x1b[38;5;29;48;5;23m▄\x1b[38;5;29;48;5;29m▄▄▄\x1b[38;5;29;48;5;23m▄\x1b[38;5;23;48;5;23m▄▄▄▄▄▄▄▄▄▄▄▄▄\x1b[38;5;29;48;5;29m▄▄\x1b[38;5;29;48;5;23m▄▄\x1b[38;5;23;48;5;23m▄▄▄▄▄▄▄\x1b[38;5;29;48;5;29m▄▄▄▄▄\x1b[38;5;29;48;5;23m▄\x1b[38;5;23;48;5;23m▄▄▄▄▄▄▄▄▄▄▄▄▄▄\x1b[38;5;23;48;5;29m▄▄\x1b[38;5;29;48;5;29m▄▄\x1b[38;5;23;48;5;29m▄\x1b[38;5;23;48;5;23m▄▄▄▄▄▄\x1b[38;5;23;48;5;236m▄\x1b[38;5;23;48;5;23m▄\x1b[38;5;23;48;5;236m▄\x1b[38;5;23;48;5;235m▄▄\x1b[38;5;23;48;5;234m▄\x1b[38;5;236;48;5;232m▄\x1b[38;5;232;48;5;0m▄▄\x1b[38;5;232;48;5;232m▄\x1b[38;5;232;48;5;233m▄\x1b[38;5;233;48;5;232m▄\x1b[38;5;0;48;5;233m▄\x1b[38;5;233;48;5;233m▄\x1b[38;5;233;48;5;232m▄▄\x1b[38;5;234;48;5;233m▄\x1b[38;5;233;48;5;0m▄\x1b[38;5;233;48;5;232m▄\x1b[38;5;234;48;5;233m▄\x1b[38;5;233;48;5;233m▄▄▄▄\x1b[38;5;233;48;5;232m▄\x1b[38;5;232;48;5;233m▄\x1b[38;5;234;48;5;233m▄\x1b[38;5;234;48;5;232m▄\x1b[m
\x1b[38;5;233;48;5;234m▄\x1b[38;5;234;48;5;234m▄\x1b[38;5;233;48;5;233m▄\x1b[38;5;234;48;5;233m▄\x1b[38;5;234;48;5;234m▄▄▄▄▄\x1b[38;5;232;48;5;233m▄\x1b[38;5;234;48;5;233m▄\x1b[38;5;233;48;5;234m▄\x1b[38;5;234;48;5;234m▄▄▄\x1b[38;5;234;48;5;233m▄▄▄\x1b[38;5;234;48;5;234m▄▄\x1b[38;5;233;48;5;234m▄\x1b[38;5;234;48;5;234m▄\x1b[38;5;232;48;5;233m▄\x1b[38;5;234;48;5;233m▄\x1b[38;5;233;48;5;233m▄▄▄\x1b[38;5;233;48;5;235m▄\x1b[38;5;234;48;5;234m▄\x1b[38;5;233;48;5;233m▄\x1b[38;5;234;48;5;234m▄\x1b[38;5;233;48;5;234m▄\x1b[38;5;233;48;5;233m▄▄▄▄\x1b[38;5;233;48;5;234m▄\x1b[38;5;233;48;5;233m▄▄▄\x1b[38;5;234;48;5;233m▄\x1b[38;5;234;48;5;234m▄\x1b[38;5;233;48;5;233m▄\x1b[48;5;233m \x1b[38;5;234;48;5;233m▄\x1b[48;5;234m \x1b[38;5;234;48;5;236m▄\x1b[38;5;234;48;5;23m▄\x1b[38;5;23;48;5;23m▄▄▄▄▄▄▄▄▄▄▄▄\x1b[38;5;29;48;5;23m▄▄\x1b[38;5;29;48;5;29m▄▄▄▄▄▄\x1b[38;5;29;48;5;23m▄▄\x1b[38;5;23;48;5;23m▄▄▄▄▄▄▄▄\x1b[38;5;29;48;5;23m▄▄▄▄\x1b[38;5;23;48;5;23m▄▄▄▄▄▄\x1b[38;5;23;48;5;29m▄\x1b[38;5;23;48;5;23m▄▄▄▄▄▄▄▄▄▄▄\x1b[38;5;29;48;5;23m▄\x1b[38;5;29;48;5;29m▄▄▄▄▄\x1b[38;5;23;48;5;29m▄▄\x1b[38;5;23;48;5;23m▄▄▄▄▄▄▄▄▄▄▄▄▄▄▄▄\x1b[38;5;23;48;5;29m▄\x1b[38;5;23;48;5;23m▄▄▄▄▄\x1b[38;5;29;48;5;29m▄▄▄▄▄▄\x1b[38;5;29;48;5;35m▄\x1b[38;5;29;48;5;29m▄\x1b[38;5;29;48;5;23m▄▄\x1b[38;5;23;48;5;23m▄▄▄▄▄▄▄\x1b[38;5;29;48;5;23m▄▄\x1b[38;5;29;48;5;29m▄▄▄\x1b[38;5;29;48;5;23m▄\x1b[38;5;23;48;5;29m▄▄\x1b[38;5;23;48;5;23m▄▄▄▄▄\x1b[38;5;237;48;5;23m▄\x1b[38;5;235;48;5;23m▄\x1b[38;5;234;48;5;23m▄\x1b[38;5;235;48;5;23m▄▄▄▄\x1b[38;5;23;48;5;23m▄\x1b[38;5;234;48;5;237m▄\x1b[38;5;232;48;5;232m▄\x1b[38;5;232;48;5;0m▄\x1b[38;5;232;48;5;232m▄▄\x1b[38;5;232;48;5;0m▄\x1b[38;5;0;48;5;232m▄\x1b[38;5;234;48;5;233m▄\x1b[38;5;234;48;5;234m▄▄\x1b[48;5;234m \x1b[38;5;233;48;5;234m▄▄\x1b[38;5;234;48;5;234m▄▄\x1b[38;5;234;48;5;233m▄▄▄▄\x1b[38;5;232;48;5;234m▄\x1b[38;5;233;48;5;233m▄\x1b[38;5;233;48;5;234m▄\x1b[m
\x1b[38;5;233;48;5;233m▄\x1b[38;5;234;48;5;234m▄\x1b[38;5;233;48;5;234m▄\x1b[38;5;234;48;5;234m▄▄▄\x1b[38;5;234;48;5;233m▄\x1b[38;5;234;48;5;234m▄\x1b[38;5;233;48;5;234m▄\x1b[38;5;232;48;5;233m▄\x1b[38;5;233;48;5;233m▄\x1b[38;5;234;48;5;234m▄▄\x1b[38;5;233;48;5;234m▄\x1b[38;5;234;48;5;234m▄\x1b[38;5;233;48;5;233m▄▄\x1b[38;5;234;48;5;234m▄▄▄▄▄\x1b[38;5;233;48;5;233m▄\x1b[38;5;233;48;5;234m▄\x1b[38;5;233;48;5;232m▄\x1b[38;5;233;48;5;233m▄\x1b[38;5;232;48;5;232m▄\x1b[38;5;233;48;5;234m▄\x1b[38;5;233;48;5;233m▄▄▄▄▄▄▄▄\x1b[38;5;234;48;5;234m▄▄\x1b[38;5;233;48;5;233m▄▄▄▄▄\x1b[38;5;233;48;5;234m▄▄\x1b[38;5;233;48;5;233m▄\x1b[38;5;233;48;5;234m▄\x1b[38;5;233;48;5;233m▄\x1b[38;5;237;48;5;237m▄\x1b[38;5;23;48;5;23m▄▄▄▄▄▄▄▄▄▄\x1b[38;5;29;48;5;23m▄\x1b[38;5;29;48;5;29m▄▄▄▄▄▄▄▄▄▄▄\x1b[38;5;29;48;5;23m▄\x1b[38;5;23;48;5;23m▄▄▄▄▄\x1b[38;5;29;48;5;29m▄▄▄▄▄▄\x1b[38;5;29;48;5;23m▄▄\x1b[38;5;23;48;5;23m▄▄▄▄▄▄▄▄▄▄▄▄▄▄▄\x1b[38;5;23;48;5;29m▄▄▄▄\x1b[38;5;23;48;5;23m▄▄▄▄▄▄▄▄▄▄▄▄▄▄▄▄▄▄▄▄▄▄\x1b[48;5;23m \x1b[38;5;23;48;5;23m▄\x1b[38;5;29;48;5;23m▄\x1b[38;5;29;48;5;29m▄▄▄▄▄▄▄▄▄▄▄\x1b[38;5;29;48;5;65m▄\x1b[38;5;29;48;5;29m▄\x1b[38;5;29;48;5;23m▄\x1b[38;5;23;48;5;23m▄▄▄▄\x1b[38;5;29;48;5;29m▄▄▄▄▄▄▄\x1b[38;5;29;48;5;23m▄\x1b[38;5;23;48;5;23m▄\x1b[38;5;237;48;5;23m▄\x1b[38;5;236;48;5;23m▄▄\x1b[38;5;234;48;5;234m▄\x1b[38;5;233;48;5;234m▄▄\x1b[38;5;234;48;5;234m▄\x1b[38;5;233;48;5;233m▄\x1b[38;5;234;48;5;233m▄\x1b[38;5;233;48;5;234m▄\x1b[38;5;233;48;5;233m▄▄▄\x1b[38;5;233;48;5;232m▄\x1b[38;5;232;48;5;0m▄\x1b[38;5;232;48;5;232m▄\x1b[38;5;0;48;5;0m▄\x1b[38;5;232;48;5;0m▄\x1b[38;5;234;48;5;232m▄\x1b[38;5;234;48;5;234m▄▄\x1b[38;5;234;48;5;233m▄\x1b[38;5;234;48;5;234m▄\x1b[38;5;233;48;5;234m▄\x1b[38;5;234;48;5;234m▄\x1b[38;5;234;48;5;233m▄\x1b[38;5;234;48;5;234m▄\x1b[38;5;234;48;5;233m▄\x1b[38;5;234;48;5;234m▄▄\x1b[38;5;233;48;5;234m▄\x1b[38;5;232;48;5;233m▄\x1b[38;5;233;48;5;234m▄▄\x1b[m
\x1b[38;5;233;48;5;233m▄\x1b[38;5;233;48;5;234m▄\x1b[38;5;234;48;5;233m▄\x1b[38;5;233;48;5;234m▄\x1b[38;5;234;48;5;234m▄\x1b[38;5;233;48;5;234m▄\x1b[38;5;234;48;5;234m▄\x1b[38;5;233;48;5;234m▄\x1b[38;5;232;48;5;233m▄▄▄\x1b[38;5;234;48;5;234m▄\x1b[38;5;232;48;5;234m▄\x1b[38;5;233;48;5;233m▄\x1b[38;5;234;48;5;233m▄\x1b[38;5;234;48;5;234m▄\x1b[38;5;234;48;5;233m▄\x1b[38;5;233;48;5;233m▄\x1b[48;5;234m \x1b[38;5;234;48;5;233m▄\x1b[38;5;233;48;5;234m▄\x1b[38;5;233;48;5;233m▄▄▄\x1b[38;5;232;48;5;232m▄\x1b[38;5;233;48;5;234m▄\x1b[38;5;234;48;5;233m▄\x1b[38;5;233;48;5;233m▄▄▄▄▄▄▄▄▄▄▄▄\x1b[38;5;234;48;5;233m▄▄\x1b[38;5;233;48;5;233m▄▄\x1b[48;5;233m \x1b[38;5;234;48;5;233m▄\x1b[38;5;234;48;5;234m▄\x1b[48;5;233m \x1b[38;5;234;48;5;233m▄\x1b[38;5;236;48;5;236m▄\x1b[38;5;23;48;5;23m▄▄▄▄▄▄▄\x1b[38;5;29;48;5;23m▄\x1b[38;5;23;48;5;23m▄▄\x1b[38;5;23;48;5;29m▄\x1b[38;5;29;48;5;29m▄▄▄▄▄▄▄▄▄▄▄▄▄▄\x1b[38;5;23;48;5;23m▄▄▄▄\x1b[38;5;23;48;5;29m▄\x1b[38;5;29;48;5;29m▄▄▄▄\x1b[38;5;23;48;5;29m▄▄▄\x1b[38;5;29;48;5;29m▄\x1b[38;5;29;48;5;23m▄▄▄\x1b[38;5;23;48;5;23m▄▄▄▄▄▄▄▄▄▄▄▄▄▄▄▄▄▄▄▄▄▄▄▄▄▄▄▄▄▄▄▄▄▄▄\x1b[38;5;29;48;5;23m▄▄\x1b[38;5;23;48;5;23m▄▄\x1b[38;5;29;48;5;29m▄▄▄▄▄▄▄▄▄▄▄▄▄▄▄\x1b[38;5;29;48;5;23m▄\x1b[38;5;23;48;5;23m▄▄▄\x1b[38;5;23;48;5;29m▄\x1b[38;5;29;48;5;29m▄▄▄▄▄\x1b[38;5;236;48;5;23m▄\x1b[38;5;234;48;5;235m▄\x1b[38;5;234;48;5;234m▄▄\x1b[38;5;233;48;5;234m▄\x1b[38;5;233;48;5;233m▄▄▄\x1b[38;5;234;48;5;234m▄\x1b[38;5;233;48;5;233m▄▄\x1b[38;5;234;48;5;234m▄\x1b[38;5;233;48;5;234m▄\x1b[38;5;233;48;5;233m▄▄▄▄▄\x1b[38;5;233;48;5;232m▄\x1b[38;5;232;48;5;232m▄\x1b[38;5;233;48;5;233m▄\x1b[38;5;234;48;5;234m▄\x1b[38;5;233;48;5;234m▄▄\x1b[38;5;234;48;5;234m▄▄\x1b[38;5;233;48;5;233m▄\x1b[38;5;234;48;5;234m▄▄▄▄▄\x1b[38;5;233;48;5;232m▄\x1b[38;5;233;48;5;233m▄\x1b[38;5;232;48;5;232m▄▄\x1b[m